##################################################
# DATA EXPORT AND TRANSFORMATION REPORT
#
# Original File: 110 uL a1 0,1 ph 4,38.xlsx
# Experiment Start Date/Time: 27-06-2025 14:56:06
# Processing Date: 10-07-2025 8:47:04
#
# Operations Performed:
# - Column 1 (Time): Read from Excel Column B (milliseconds), divided by 1000.
# - Column 2 (Absorbance): Read from Excel Column C, comma decimal converted to dot decimal.
##################################################

Time (s)	UA
8.659	0.111173456422815
9.265	0.111263666511906
9.794	0.111302522139923
10.321	0.110838245571574
10.852	0.110838641656537
11.38	0.110717282133345
11.913	0.111350654892854
12.441	0.111262470337329
12.974	0.111158049706212
13.502	0.111024227926772
14.034	0.111242811266354
14.56	0.111478445181527
15.092	0.111205554070215
15.617	0.111461442971887
16.149	0.111673343003824
16.677	0.111093939330316
17.203	0.111383528031036
17.73	0.111638350638941
18.258	0.111213721952436
18.787	0.111411495800764
19.319	0.111401800475929
19.846	0.111220221430424
20.394	0.111453123221191
20.999	0.111452601573409
21.532	0.111482597544559
22.059	0.111965537632188
22.66	0.111861279295054
23.188	0.111691861897482
23.721	0.111440465071171
24.249	0.111236631637969
24.782	0.111224230278753
25.308	0.111592485257749
25.84	0.111449980037533
26.368	0.111702286954886
26.9	0.111462902147287
27.428	0.111515110322452
27.96	0.111325660552768
28.488	0.111701587596339
29.02	0.111734495738025
29.545	0.111544836611976
30.076	0.111624658052265
30.605	0.111862715155037
31.137	0.111274495784305
31.666	0.111822538853774
32.198	0.111892374340934
32.728	0.111316922970125
33.259	0.111446162365595
33.788	0.111347058325312
34.318	0.11129594358854
34.845	0.111803532191382
35.377	0.111667776331744
35.905	0.111740233923799
36.439	0.111823581417889
36.967	0.111360251255483
37.496	0.111456376568684
38.023	0.111556901869829
38.552	0.111180733347567
39.079	0.111137382687962
39.611	0.111304780058454
40.153	0.111235014719747
40.755	0.111634885276073
41.284	0.11146628399822
41.816	0.111509920102562
42.344	0.111002803778818
42.876	0.111430773911704
43.405	0.111497683369188
43.937	0.111597946140985
44.466	0.11132389432019
44.998	0.111822847113403
45.526	0.111296815162075
46.059	0.110747751768955
46.585	0.110964674808669
47.117	0.11100976804708
47.644	0.111150139404473
48.177	0.110962143658648
48.706	0.110682463938262
49.237	0.111057086091482
49.766	0.111436697339583
50.298	0.110911554908557
50.826	0.110806278300759
51.36	0.110962901652159
51.887	0.110703017549085
52.42	0.111464390298005
52.949	0.111479985069072
53.48	0.111766843894006
54.008	0.111242314651989
54.541	0.111218606301818
55.068	0.111383838861035
55.601	0.111524864810857
56.129	0.111524451989527
56.661	0.111359495317145
57.19	0.111442349181816
57.722	0.111539343264305
58.251	0.110720892921565
58.78	0.111119918542574
59.307	0.111526826377889
59.839	0.112019629328679
60.382	0.111245682249828
60.984	0.111536786197784
61.512	0.111330015209466
62.043	0.111143721565379
62.569	0.111845311706449
63.101	0.111748172240172
63.629	0.11143961834455
64.16	0.111995660671523
64.689	0.111835867245248
65.22	0.111625934108753
65.748	0.111609492886347
66.281	0.111794047782407
66.809	0.112039084453802
67.341	0.11196180985802
67.87	0.111080423756377
68.402	0.111974979503185
68.928	0.111466922420913
69.46	0.111469206430309
69.987	0.11140738616215
70.52	0.111871806729943
71.047	0.111497177350105
71.578	0.11185402320215
72.107	0.111801657770353
72.64	0.111946386575864
73.169	0.111856345603081
73.701	0.111686522803965
74.229	0.112399409293688
74.761	0.111481819895009
75.29	0.111870547272524
75.821	0.112507630569187
76.349	0.111492235055706
76.882	0.111580873684176
77.41	0.11266145156661
77.941	0.111930232713422
78.47	0.111713442097547
79.002	0.11200391677193
79.53	0.111769263872081
80.073	0.111651452072051
80.68	0.111524572335801
81.212	0.111465566418964
81.737	0.111559645622273
82.268	0.110867408332958
82.795	0.11189851260256
83.327	0.111457515469914
83.855	0.111594606372476
84.387	0.111478684329154
84.915	0.11208998487536
85.446	0.111746153145638
85.975	0.11211062025089
86.578	0.111848282492093
87.106	0.11229123405718
87.638	0.111723439226352
88.163	0.112231367432106
88.692	0.112373577968876
89.216	0.112492177904604
89.748	0.112359206455276
90.277	0.112491977432107
90.808	0.112578761087971
91.336	0.112399114225232
91.868	0.112024778245497
92.471	0.112339840554585
93.002	0.112727379779929
93.529	0.113064202711625
94.06	0.11225741719937
94.586	0.112573353278287
95.119	0.112535162849436
95.647	0.112627475676836
96.178	0.112621781016752
96.707	0.11221537496303
97.238	0.112593755345286
97.766	0.112253919934853
98.298	0.112704250122344
98.827	0.112318882971798
99.354	0.112092175074845
99.882	0.111875092591965
100.415	0.111977075057488
101.02	0.112124301848273
101.551	0.112737324383981
102.08	0.112470682175679
102.612	0.111863796327273
103.141	0.112101810595546
103.672	0.112168536821275
104.201	0.111920471785249
104.733	0.112199090097598
105.262	0.111502307189297
105.793	0.112441493322791
106.322	0.11243216208488
106.854	0.111731790421337
107.382	0.112064709467178
107.914	0.112219917505149
108.442	0.111803952544017
108.973	0.112080964742313
109.499	0.111832221752171
110.031	0.111732500132432
110.559	0.111947510346109
111.09	0.111835369112026
111.62	0.112509241924674
112.152	0.112571961901425
112.68	0.111938875995313
113.212	0.112298751107193
113.74	0.111630679960614
114.266	0.111902549145822
114.794	0.111549922488773
115.325	0.111591604008751
115.853	0.112493339565524
116.386	0.111546256941074
116.914	0.112313687248849
117.446	0.111260728607172
117.975	0.112163606734779
118.507	0.111946998146493
119.035	0.112219490101911
119.567	0.112259917748887
120.109	0.111107024203251
120.711	0.111701189009263
121.242	0.112288282844942
121.773	0.111898463210185
122.302	0.111669886407728
122.833	0.112078419754502
123.362	0.111717082097483
123.894	0.11217081052221
124.422	0.112284218863713
124.953	0.111858410383978
125.482	0.112129494106597
126.013	0.112119904581727
126.541	0.111890960268951
127.073	0.111663120841256
127.601	0.112189129761248
128.131	0.111591310791827
128.658	0.112118557459972
129.19	0.11214372210977
129.718	0.112202402532395
130.25	0.111765071058208
130.778	0.111705655643622
131.31	0.11187260316594
131.836	0.112135700877719
132.368	0.112376804200347
132.896	0.112062023595798
133.422	0.11215209891708
133.95	0.112422480864741
134.484	0.112541490005466
135.012	0.112029461242399
135.543	0.111834925959866
136.072	0.112184986363747
136.604	0.112370395021749
137.132	0.111488817900664
137.664	0.111667548936057
138.193	0.112012370580312
138.724	0.111827758052932
139.252	0.111661734362793
139.785	0.111570185913724
140.329	0.111626620724709
140.941	0.111456136892306
141.469	0.112248719111207
142.001	0.112182105416272
142.529	0.111876377464678
143.061	0.111707749885156
143.586	0.111699749768211
144.116	0.111998374366755
144.644	0.111685475920094
145.175	0.112018221674775
145.701	0.112182886665413
146.231	0.111741815701772
146.76	0.111714446521034
147.291	0.111853496806161
147.82	0.111547323722172
148.427	0.112079053714693
148.955	0.111767444325041
149.487	0.112143660991215
150.017	0.111911070460787
150.549	0.111151273406747
151.076	0.11154621158491
151.607	0.111860386403668
152.135	0.111529879774738
152.667	0.11152435771447
153.267	0.111696194900423
153.799	0.112077900936435
154.327	0.111266511397484
154.858	0.111921082156331
155.387	0.111606521897689
155.918	0.111588641367712
156.525	0.111555163298754
157.053	0.111796612492997
157.58	0.11162198701006
158.107	0.111867114541032
158.633	0.111819202249064
159.16	0.111801182115671
159.686	0.111678564762554
160.217	0.111965550227171
160.87	0.111738199828858
161.399	0.111230099854554
161.922	0.111508509380457
162.448	0.112084280397418
162.98	0.111563933515418
163.506	0.111578130258959
164.032	0.11098365443887
164.56	0.111502968824804
165.089	0.111286056022899
165.615	0.111422005063764
166.141	0.111648245278836
166.67	0.111825520105845
167.195	0.111090254790205
167.73	0.111702690938025
168.258	0.111952703872668
168.787	0.111849105623032
169.312	0.111312615442223
169.841	0.111876564194187
170.369	0.11161759887706
170.9	0.111531907680067
171.428	0.111538269057146
171.96	0.111782829562282
172.489	0.111616816288762
173.02	0.111201244919751
173.547	0.111296674901552
174.074	0.111083891005867
174.602	0.11178808116003
175.129	0.111520439791891
175.653	0.111400236407888
176.185	0.111954314601673
176.709	0.111368841054825
177.241	0.112101006482467
177.776	0.111299930992878
178.309	0.111697351666561
178.834	0.111713874180411
179.367	0.111600245995311
179.896	0.11086529156605
180.487	0.111148746848035
181.107	0.111555252564779
181.636	0.11150605266568
182.164	0.111823357458808
182.697	0.11132189070141
183.226	0.111478670958905
183.752	0.111494687168139
184.277	0.11148168726758
184.806	0.111730028709869
185.335	0.111508297277634
185.868	0.110869171525354
186.395	0.111249462522647
186.927	0.111426414478233
187.456	0.111277460042522
187.988	0.111745351846018
188.515	0.111105013827853
189.048	0.111145451441317
189.574	0.111547883621948
190.105	0.111241155780717
190.633	0.110592895874046
191.164	0.111310668995269
191.691	0.111525380674267
192.217	0.111586945172338
192.744	0.111463889806405
193.275	0.111400434106896
193.805	0.111298154792804
194.337	0.110792851938308
194.866	0.111457325785746
195.398	0.111796467239257
195.921	0.111692778628946
196.446	0.11145331498587
196.973	0.111193437282513
197.504	0.111168536242882
198.03	0.110898201345112
198.562	0.111780249567116
199.087	0.111438767717151
199.618	0.111648051086614
200.16	0.111017031743875
200.776	0.11157710202565
201.306	0.111360596918851
201.837	0.111430936232182
202.365	0.111377782010401
202.897	0.111292397610626
203.426	0.111845426988047
203.957	0.111392446586552
204.485	0.11189454106249
205.017	0.111773552628788
205.545	0.111426086989058
206.076	0.111201111263251
206.603	0.11122455975308
207.134	0.111180127170674
207.661	0.111735496757499
208.193	0.111292763678713
208.721	0.111217338608931
209.25	0.111144739746346
209.778	0.111172310222931
210.309	0.111529071759858
210.911	0.111338933988387
211.444	0.111616343408723
211.973	0.111276430493481
212.504	0.111417488387177
213.034	0.111495038342551
213.565	0.111725935978891
214.093	0.111982529164574
214.625	0.111153679992417
215.155	0.111993634540531
215.686	0.111542314261983
216.215	0.111408611213124
216.746	0.112291813613428
217.274	0.111477005016671
217.814	0.111418350667848
218.341	0.111339712448626
218.873	0.1113759362524
219.401	0.111787783037145
219.933	0.111587207569893
220.473	0.111684761713858
221.086	0.111422746660982
221.615	0.111362249674342
222.146	0.11124659088494
222.673	0.111483638314371
223.197	0.111687733484203
223.724	0.111693904776988
224.256	0.111962783707588
224.784	0.111828529870052
225.316	0.111766355536561
225.845	0.111588113790798
226.376	0.111777014194662
226.905	0.111646224933301
227.437	0.111692906870942
227.972	0.111546480409228
228.504	0.112199767062304
229.031	0.111776704001757
229.563	0.111453549272389
230.091	0.111527725768065
230.623	0.111073604773693
231.149	0.111232093468667
231.679	0.112008291224208
232.205	0.111313249729236
232.737	0.11173089162756
233.265	0.11162255307858
233.797	0.111613960373571
234.325	0.111636809648881
234.856	0.111362555322005
235.385	0.111581681676362
235.916	0.111549469471913
236.444	0.111498668230155
236.977	0.111337554830744
237.505	0.111669959982146
238.036	0.111396124239164
238.562	0.11169198565842
239.093	0.111413265519906
239.621	0.112040856017963
240.167	0.111804246736518
240.78	0.111950016378072
241.311	0.11109997909421
241.839	0.111981533250938
242.371	0.112025778201949
242.9	0.112150699233452
243.431	0.111941519206339
243.959	0.112217442381255
244.488	0.112002859090228
245.016	0.111464662434676
245.548	0.111237693368304
246.075	0.112033688466847
246.606	0.111449163269472
247.134	0.111572984596238
247.659	0.111285552012138
248.184	0.111477655887157
248.715	0.111917841979999
249.243	0.111547983511197
249.775	0.111452247136757
250.303	0.111352124116873
250.836	0.111594185811129
251.363	0.111531989878392
251.895	0.11230030789008
252.423	3.48504969845952E-02
252.951	-2.97849852901784E-02
253.478	-2.98626309378805E-02
254.01	-3.00330645364414E-02
254.538	-3.01409316790346E-02
255.07	-3.00679366155686E-02
255.599	-2.99508523185327E-02
256.128	-2.97911765188197E-02
256.655	-3.02333221413892E-02
257.188	-3.03269688229736E-02
257.715	-3.01655000117372E-02
258.245	-2.98803910758179E-02
258.773	-2.99556918349701E-02
259.304	-2.99664186459964E-02
259.833	-3.00992540391882E-02
260.376	-3.00662658798533E-02
260.989	-3.01533204665875E-02
261.52	-3.03370862241036E-02
262.049	-3.01089000451264E-02
262.58	-0.029799846809847
263.109	-3.00486664857242E-02
263.64	-2.98362390899551E-02
264.166	-3.01684294839419E-02
264.698	-3.00921263620152E-02
265.227	-0.030170948800189
265.758	-3.01128723176218E-02
266.286	-2.97682008327482E-02
266.817	-2.99195425792055E-02
267.344	-2.98259153308047E-02
267.875	-3.01850308842975E-02
268.494	-3.00749604120635E-02
269.026	-3.00055798797634E-02
269.554	-3.01235016329541E-02
270.082	-3.02502841411958E-02
270.609	-2.99099579466615E-02
271.14	-2.99196707636407E-02
271.668	-2.99865804983859E-02
272.199	-3.00496564872662E-02
272.728	-2.97829237022648E-02
273.259	-2.97425464358794E-02
273.787	-2.97805831179601E-02
274.32	-2.99334169494354E-02
274.849	-3.00513010432186E-02
275.38	-3.02284520921386E-02
275.909	-2.96380212316909E-02
276.441	-2.98599408303889E-02
276.968	-2.99366153010189E-02
277.501	0.337500108906946
278.029	0.214267455217312
278.561	0.184693938829439
279.088	0.175469026507238
279.62	0.158040684796179
280.169	0.156381848954929
280.787	0.146766450055995
281.315	0.14957287734908
281.846	0.14985531949878
282.375	0.150872289251693
282.906	0.154614571399799
283.434	0.154870888565475
283.966	0.153383462472506
284.493	0.152244949190287
285.025	0.152051825166984
285.553	0.152313727640404
286.085	0.152668950309665
286.615	0.15253379056305
287.147	0.152932333478738
287.673	0.15388319797309
288.204	0.153935562624459
288.732	0.153819724970313
289.264	0.154483804607752
289.792	0.155900615249859
290.325	0.157183280300343
290.849	0.156389500316884
291.38	0.156198319961059
291.909	0.156793404103014
292.441	0.156816465251646
292.969	0.157025823803367
293.499	0.157260728069353
294.029	0.157988649309715
294.56	0.15784148418597
295.089	0.157365214111659
295.621	0.157891285302972
296.148	0.157972309998399
296.68	0.158380832433774
297.209	0.159234625789445
297.738	0.159225891115385
298.264	0.159692532340242
298.793	0.159690700564892
299.322	0.159795000524045
299.853	0.160351885025287
300.393	0.161198277328222
301.014	0.161548026648661
301.543	0.161278321172666
302.074	0.161999668669197
302.602	0.162657895920302
303.135	0.163042454517919
303.662	0.163580346186032
304.194	0.16442028655078
304.724	0.164830124260891
305.256	0.16452051847226
305.784	0.165238245370699
306.315	0.165814884033016
306.844	0.166348082249335
307.375	0.166599601581087
307.904	0.166979508802111
308.437	0.167333249877696
308.965	0.167913799644288
309.497	0.168939857688904
310.025	0.168976252355394
310.557	0.169389102342605
311.083	0.170073591781431
311.614	0.17034734958768
312.142	0.171198592591152
312.671	0.171551001484695
313.197	0.171971033769265
313.729	0.17245133697912
314.257	0.172518934326563
314.789	0.172330166665498
315.316	0.17382538647274
315.847	0.174456981728331
316.376	0.174582707622594
316.907	0.175112260109097
317.436	0.175270303218417
318.054	0.175461615534508
318.581	0.175904465482451
319.112	0.176569249854745
319.639	0.177069016396586
320.178	0.177126184282584
320.793	0.178256921098794
321.325	0.177784814068963
321.851	0.178463274600801
322.383	0.179457646776247
322.911	0.179820592020559
323.443	0.180209765701871
323.972	0.180493652925302
324.502	0.181186276902086
325.031	0.18150821153809
325.562	0.181892546431046
326.089	0.182745107242474
326.621	0.182694784509636
327.149	0.18335962540523
327.681	0.183730342775185
328.21	0.183974720261738
328.742	0.184274942741409
329.27	0.18474295368557
329.801	0.185425454717965
330.33	0.185958471654678
330.862	0.186300186729237
331.39	0.18645545592329
331.922	0.187183119149485
332.458	0.187194384502642
332.986	0.187891738280925
333.511	0.18862320206059
334.043	0.188408478036913
334.572	0.189357940729216
335.103	0.189532818652711
335.631	0.189411899027644
336.162	0.190110868649779
336.691	0.190472141595962
337.222	0.191253158684932
337.751	0.191145059515934
338.279	0.19172646293978
338.807	0.192101858231056
339.339	0.192785161694527
339.867	0.193124702967853
340.418	0.194038051103067
341.032	0.194580617813018
341.566	0.194582866185986
342.094	0.195147706676279
342.622	0.195647891091779
343.149	0.19569802813056
343.681	0.196520397020285
344.208	0.196678298051898
344.738	0.197196587394277
345.266	0.197213512331892
345.796	0.198168788572946
346.324	0.198657898759523
346.856	0.199101732201279
347.383	0.199842402955182
347.914	0.199935807841748
348.441	0.19995780558016
348.974	0.200277336633442
349.502	0.200583032326664
350.033	0.201539424247359
350.562	0.202250536901802
351.094	0.202696715967517
351.621	0.202791187628186
352.154	0.203066269366119
352.682	0.203407884912688
353.214	0.203226872019749
353.74	0.204661401303041
354.271	0.204400593736148
354.797	0.204666797614318
355.328	0.205566935644294
355.857	0.205859473153647
356.389	0.206585223311796
356.915	0.206363166144695
357.444	0.207207416878534
357.973	0.207675683660764
358.504	0.207648621244014
359.032	0.207992393004723
359.565	0.207536783659447
360.113	0.208693251016093
360.741	0.209554397720529
361.27	0.209575737358921
361.802	0.210272988138734
362.33	0.21047732382083
362.861	0.211203681100064
363.391	0.212091646856277
363.921	0.211516131544174
364.45	0.212246654078982
364.976	0.212047658643078
365.504	0.213003523455332
366.035	0.213157837172051
366.562	0.213297903365519
367.095	0.214339598116389
367.624	0.214565417443783
368.156	0.21483963951741
368.684	0.215441221719399
369.219	0.215763756052798
369.747	0.215680961921942
370.279	0.216086109201382
370.807	0.216906147080012
371.339	0.216726454353098
371.867	0.216799598770772
372.398	0.217556411809275
372.925	0.217813029502799
373.456	0.217874000887715
373.983	0.218469809771843
374.516	0.218376719660974
375.049	0.218914677936704
375.58	0.219176136527315
376.108	0.220050387049845
376.639	0.219707843785724
377.167	0.219956486073739
377.698	0.220772215901614
378.225	0.221115376271531
378.754	0.221856479678686
379.281	0.221955135526183
379.813	0.222054750361581
380.36	0.222594592099062
380.98	0.222593701212499
381.51	0.223563192810232
382.041	0.223221655065476
382.569	0.223872899687686
383.102	0.224376995587212
383.63	0.223887641614258
384.161	0.224460508212591
384.69	0.225270313517088
385.222	0.225856358412464
385.75	0.225516098009295
386.282	0.226231757076786
386.809	0.226896325890145
387.337	0.227024649243377
387.865	0.227860820136194
388.398	0.22705534049286
388.926	0.228174105784501
389.455	0.228486871753197
389.983	0.228985322320323
390.515	0.229363094279177
391.043	0.228554439211483
391.574	0.229430093990471
392.103	0.229420962097693
392.634	0.230772362412215
393.163	0.230973117984739
393.695	0.230878860085212
394.223	0.23135509497298
394.756	0.231572519297132
395.283	0.232228584020129
395.815	0.232428532121799
396.341	0.232380729807359
396.871	0.232759889980318
397.491	0.233642396214529
398.022	0.234028103941664
398.551	0.234583161704471
399.083	0.234486905649072
399.61	0.23401438455267
400.14	0.235554713263589
400.668	0.235595628891681
401.199	0.235772272780007
401.727	0.236239060803576
402.258	0.236892319964346
402.786	0.236475255201533
403.317	0.237391454997996
403.846	0.23738789299077
404.378	0.237272673176908
404.905	0.238475449995879
405.437	0.238352037847075
405.965	0.238620884352868
406.496	0.23918488967665
407.108	0.239931310453365
407.641	0.240018583804836
408.169	0.239565221984554
408.7	0.240378607647901
409.229	0.240800697572753
409.761	0.240687668995358
410.289	0.241203566901377
410.82	0.241472249338614
411.347	0.242361757958512
411.878	0.242438518395083
412.406	0.242765425569723
412.938	0.243392213328523
413.467	0.243640817447341
413.999	0.243842873669309
414.527	0.244436098883888
415.058	0.24436626116363
415.587	0.244781338406272
416.118	0.245127847570929
416.644	0.245696447641883
417.175	0.246595727541878
417.704	0.246198936143163
418.237	0.246338902224541
418.765	0.246887560299457
419.296	0.247656471585528
419.826	0.247461211493751
420.357	0.247449428765822
420.886	0.248399385161657
421.416	0.248684239061717
421.944	0.249184818725416
422.473	0.249464554931589
423	0.249779313741813
423.532	0.24960980989866
424.152	0.250255813942306
424.685	0.250821622343816
425.213	0.250841667800547
425.754	0.251432691087823
426.282	0.251866140124578
426.813	0.252900194483682
427.338	0.252539899486828
427.863	0.253578850876741
428.387	0.253003372255675
428.913	0.253526408786296
429.437	0.253483866639843
429.963	0.253940001223565
430.49	0.25445379929136
431.022	0.255252311690723
431.549	0.255130851087696
432.082	0.255835727147492
432.611	0.256033365867698
433.142	0.255675004076638
433.671	0.256896487763763
434.202	0.256367548789753
434.727	0.256713621602917
435.257	0.257418764821237
435.784	0.257441083080678
436.316	0.258074549030865
436.845	0.257764328816375
437.378	0.258393525321276
437.907	0.25854814888434
438.439	0.258728916963327
438.964	0.258970837975281
439.496	0.259282629355592
440.024	0.260024745373532
440.556	0.260531096542666
441.085	0.260763558254838
441.616	0.26108221302463
442.144	0.26161626933991
442.676	0.261534288394379
443.203	0.262001204626002
443.736	0.262254599227432
444.264	0.262993941889167
444.795	0.263164003856773
445.323	0.263404462664382
445.854	0.264162690115254
446.383	0.263890639107047
446.914	0.265073276311775
447.442	0.264803185805974
447.974	0.265000438544645
448.5	0.265757288548401
449.031	0.266174549661781
449.556	0.266263532078073
450.085	0.266617023502178
450.612	0.266949963531179
451.14	0.267207816354859
451.667	0.267187198553518
452.196	0.267992514555013
452.723	0.268142775774345
453.256	0.268495058670731
453.784	0.268804050972771
454.315	0.269320057980559
454.843	0.269848779189242
455.376	0.269562949896826
455.903	0.270007305744661
456.435	0.270267926325681
456.963	0.270370645333523
457.496	0.270658076447262
458.02	0.271382136055625
458.551	0.271295804747123
459.079	0.272025083022292
459.61	0.272152933398927
460.136	0.272672672367527
460.669	0.272435815233425
461.197	0.273064381781378
461.726	0.273421040873805
462.254	0.273670741798198
462.782	0.273781480528093
463.307	0.273858876025332
463.839	0.274310576788517
464.368	0.275178473543974
464.899	0.275466365468055
465.427	0.275116921255518
465.958	0.27587053744779
466.486	0.27622535019153
467.018	0.276107614419017
467.546	0.277256517694697
468.077	0.277000228254708
468.605	0.27649833563717
469.136	0.277991768713326
469.663	0.278774299562986
470.193	0.278599192636858
470.72	0.278363117788976
471.252	0.278439060535972
471.78	0.279126953271774
472.312	0.279078869643205
472.841	0.279682087973806
473.373	0.279647768270322
473.901	0.28003762033415
474.439	0.280279021898414
474.967	0.280549209037837
475.496	0.281694327440971
476.024	0.281387020816513
476.555	0.281994076993424
477.084	0.281877143283073
477.616	0.282632831928216
478.143	0.283034370276882
478.676	0.283690867513341
479.204	0.283435109282631
479.735	0.284566036789297
480.262	0.283641356411358
480.794	0.284373227678356
481.323	0.284985371368328
481.855	0.285002679961564
482.382	0.285106004611279
482.914	0.285446713678107
483.444	0.286007788140743
483.975	0.285640000562141
484.503	0.286153550319027
485.033	0.286702192976208
485.56	0.286781949154396
486.092	0.286971454889005
486.627	0.287860547850774
487.159	0.288130939058407
487.684	0.288782925683771
488.213	0.289114079015045
488.739	0.289513598110975
489.27	0.289820166471663
489.799	0.289966016981947
490.33	0.289634651691552
490.858	0.290823266761643
491.39	0.29114566420402
491.918	0.290920670051056
492.451	0.291693135840785
492.977	0.29189962391509
493.508	0.291989927085405
494.033	0.291865469277873
494.565	0.292907416936354
495.092	0.29258329897736
495.624	0.292801015101526
496.152	0.293080410540705
496.684	0.294085980894615
497.212	0.294131312516479
497.744	0.294577829151934
498.273	0.29479194249177
498.804	0.294424074752302
499.34	0.294611279359138
499.873	0.295474780026175
500.401	0.295908821640435
500.932	0.296043700293487
501.561	0.296070624589942
502.092	0.296127687595679
502.62	0.297450550079191
503.151	0.297451197862009
503.678	0.2976904221322
504.21	0.297936406751861
504.738	0.298208425741337
505.271	0.298760287464534
505.799	0.299385378565167
506.332	0.299173440594135
506.861	0.299555464512341
507.395	0.299478137240822
507.917	0.299662808698957
508.442	0.300715513804413
508.966	0.300662537038593
509.49	0.300696002252874
510.017	0.301154504098662
510.548	0.301436445158374
511.077	0.301366766750815
511.608	0.301995332746654
512.136	0.302456288992985
512.662	0.302560372039295
513.186	0.303020859484534
513.715	0.302908845230068
514.242	0.303137801573652
514.773	0.303909641811628
515.301	0.303622928354121
515.828	0.304560160357338
516.355	0.305436618580605
516.887	0.305717914827904
517.412	0.305865464430867
517.944	0.305372871804454
518.472	0.305864127902981
519.003	0.30631938455189
519.531	0.306342202702393
520.157	0.306604553020983
520.685	0.307445171483977
521.215	0.307669601658324
521.74	0.307879338510029
522.268	0.307700420504303
522.796	0.308053008919203
523.328	0.308425869955481
523.856	0.308991987213625
524.387	0.308911990709829
524.916	0.309180267019826
525.447	0.309261264737073
525.976	0.309291504750206
526.508	0.310181225871332
527.036	0.309973256740798
527.568	0.310564320320443
528.096	0.310861000942216
528.627	0.311904099351423
529.156	0.311319467389671
529.69	0.311415923558186
530.22	0.312372257950913
530.751	0.312665446168596
531.279	0.313228707955364
531.806	0.313168052390006
532.333	0.313133109139042
532.864	0.313670708922079
533.393	0.313681351829578
533.924	0.314158122287719
534.453	0.31441261288089
534.981	0.314585379556977
535.511	0.314638834634591
536.042	0.315722508087046
536.572	0.316085449884028
537.103	0.315764717523237
537.629	0.316306910327853
538.16	0.316913419226785
538.691	0.316622221005445
539.222	0.317441637018706
539.751	0.317497673285561
540.282	0.317416088486092
540.811	0.317696135562806
541.343	0.318325393524105
541.871	0.318388464476959
542.401	0.318651100075971
542.927	0.319083384872584
543.456	0.320338607460596
543.984	0.319459981430466
544.513	0.319325784659066
545.041	0.320500296016828
545.573	0.320278568258256
546.1	0.320550208930033
546.632	0.320550573626791
547.26	0.321282469590106
547.792	0.321730790575411
548.321	0.322198282586679
548.853	0.322080900401069
549.381	0.322799176449392
549.912	0.323212618695718
550.441	0.322733680937288
550.973	0.323263843475288
551.498	0.323192466981538
552.03	0.324036253856774
552.555	0.324598985250183
553.086	0.323752251172197
553.614	0.324918223495223
554.145	0.325285133996229
554.671	0.325851629606229
555.203	0.326479059802033
555.73	0.325914969473075
556.261	0.326626936554491
556.79	0.326010063050393
557.322	0.326882358100922
557.849	0.327191108982796
558.38	0.327272272103342
558.905	0.326768268201927
559.429	0.327591150036876
559.957	0.328044516183152
560.488	0.327759248123813
561.013	0.328348946414858
561.539	0.328295726797583
562.067	0.329113660193879
562.598	0.329819521798506
563.126	0.330548408808824
563.654	0.32980836459808
564.182	0.330503438640551
564.804	0.330548838521195
565.331	0.330827018512796
565.864	0.330971220026801
566.391	0.331348183242829
566.924	0.331722670835052
567.448	0.33138315225048
567.978	0.33251076114941
568.506	0.332534422694902
569.037	0.333098836430645
569.564	0.333489462891021
570.097	0.333414780850935
570.626	0.333559870003588
571.157	0.333669511285852
571.683	0.334236698313721
572.214	0.334855391054539
572.743	0.33495516317965
573.271	0.335490280109399
573.798	0.335204980404938
574.331	0.335678905078627
574.859	0.336170667030047
575.39	0.336763189888737
575.918	0.336613214722577
576.45	0.336513906688592
576.978	0.336780519776579
577.508	0.33764563441266
578.038	0.337680149652094
578.569	0.33744248758838
579.097	0.338304302301806
579.629	0.33878954717361
580.155	0.339207688715626
580.681	0.338404923031381
581.208	0.339160059947242
581.739	0.339030909722986
582.269	0.339529156942943
582.801	0.339801068889673
583.33	0.340267505922925
583.858	0.341169607629072
584.384	0.340576517261564
584.915	0.34107368183954
585.444	0.341279663705988
585.973	0.341454988219899
586.501	0.341907877153396
587.037	0.342488645802857
587.565	0.342785489270317
588.097	0.343167689969487
588.625	0.343049822445219
589.157	0.343251914908611
589.682	0.343935911127853
590.215	0.3434046344806
590.743	0.344172532318667
591.275	0.34410204308881
591.802	0.344880769579822
592.335	0.345573361197486
592.863	0.34531516722627
593.497	0.3456747952193
594.026	0.345545444006434
594.557	0.345864120886255
595.085	0.346506985924872
595.613	0.346247151280082
596.14	0.346478026541424
596.671	0.34690993631013
597.2	0.347368517781793
597.73	0.347615271071053
598.26	0.347729268562029
598.79	0.348258178748927
599.319	0.348524620836675
599.851	0.348862822924042
600.377	0.348913858191723
600.908	0.348871740242423
601.436	0.349521239368945
601.967	0.349718093088819
602.492	0.34987400720361
603.023	0.350624719958303
603.552	0.350712361816549
604.083	0.35107508214347
604.61	0.351378311781422
605.139	0.351441363614575
605.665	0.351305052583569
606.197	0.351984621562099
606.726	0.353026299518558
607.258	0.352721976639584
607.786	0.35292749546817
608.317	0.35335297457515
608.846	0.35356860357626
609.377	0.353707834428479
609.905	0.354561618049203
610.436	0.354300697645944
610.964	0.355263405687189
611.496	0.354860706951417
612.025	0.355287837560818
612.556	0.355336200776162
613.084	0.35592731162611
613.616	0.355327509284378
614.142	0.355854076520495
614.672	0.35607762587321
615.196	0.356974404275068
615.729	0.356987539719832
616.257	0.357519494083656
616.788	0.357911347527318
617.317	0.35761140413846
617.848	0.35765081292
618.376	0.358433168079655
618.908	0.358747897881997
619.434	0.358925379102241
619.966	0.359405176361491
620.493	0.359131617228125
621.025	0.359063553749301
621.642	0.35970523085498
622.172	0.360289615561472
622.7	0.360326714210617
623.226	0.360145931214651
623.754	0.360823741863801
624.282	0.36106097595831
624.811	0.361506811635221
625.342	0.361242529765619
625.87	0.361912373654332
626.402	0.361943525240717
626.931	0.362248691010619
627.456	0.362868179030783
627.984	0.36307627917467
628.515	0.36350217744103
629.042	0.362551340379972
629.572	0.363050868188056
630.101	0.363570092132635
630.632	0.364543256407046
631.16	0.365006658713539
631.692	0.364693625337904
632.22	0.365106915555676
632.753	0.365933029109126
633.281	0.366296656683648
633.815	0.365536697456004
634.345	0.366044898370603
634.876	0.366955832826405
635.405	0.366440224504731
635.936	0.366782140477092
636.462	0.367084518395583
636.992	0.368089435796375
637.521	0.367828436385448
638.053	0.368199479218099
638.581	0.36877233237168
639.113	0.36876304895596
639.735	0.369536214070584
640.267	0.368856721426824
640.795	0.369787635945928
641.327	0.36987802015948
641.856	0.370200772506095
642.388	0.369495402327731
642.915	0.370392524256413
643.446	0.370589248127064
643.973	0.371460565963334
644.506	0.370792259368181
645.033	0.37163226263341
645.564	0.371923302914988
646.092	0.371750418844468
646.623	0.372713754561282
647.151	0.372160524705378
647.684	0.372466765225761
648.212	0.373652080951203
648.742	0.373147200317118
649.271	0.373599088221906
649.802	0.373688181960545
650.329	0.373952273481778
650.858	0.374894419824406
651.387	0.374338925319183
651.918	0.375137934824527
652.447	0.374807734352533
652.979	0.375164162685179
653.507	0.375683005993417
654.038	0.376268066032241
654.566	0.375775061249951
655.098	0.376618631667681
655.627	0.377124761944977
656.159	0.376998799968784
656.687	0.378142949101047
657.219	0.376748328215623
657.746	0.378452676036323
658.277	0.378281549306675
658.899	0.378518543558364
659.43	0.378750202478874
659.959	0.378617865611406
660.49	0.379031759653149
661.018	0.379697945178895
661.549	0.379846264570347
662.077	0.38014316605526
662.608	0.380121201894191
663.136	0.380370693044999
663.669	0.38016274642916
664.198	0.381471247235996
664.736	0.381132950018166
665.262	0.381651792926128
665.794	0.381868508254548
666.323	0.381608479418377
666.854	0.382422339194729
667.383	0.381681160711446
667.914	0.382268905155339
668.443	0.383643261161729
668.974	0.382853649831982
669.502	0.383637549222592
670.034	0.384459484386683
670.563	0.384192549314709
671.094	0.384112028734757
671.623	0.384131998173164
672.155	0.384359268209847
672.683	0.384807225216911
673.214	0.385650387858823
673.742	0.385403562441482
674.274	0.38546364206553
674.802	0.386375668767706
675.333	0.386089946505217
675.862	0.386219864650959
676.394	0.387045283009437
676.922	0.386451815813423
677.453	0.386838751602088
677.979	0.387390243415253
678.511	0.387360153608413
679.038	0.387429263713672
679.571	0.38794325720254
680.099	0.388114546424271
680.63	0.388345090351609
681.158	0.388982203165791
681.691	0.388633134238891
682.22	0.389100358236611
682.751	0.38971243380901
683.278	0.390014105681042
683.81	0.389824328353841
684.337	0.390748128684656
684.868	0.390528282905421
685.394	0.390495249289191
685.924	0.390628956670358
686.453	0.391685295815048
686.985	0.391324921354278
687.513	0.391846405595442
688.045	0.391901198157824
688.574	0.392508028996321
689.105	0.393272790957959
689.633	0.392441728874681
690.164	0.392854966809886
690.692	0.393481091577061
691.224	0.393582930754026
691.752	0.393954051438565
692.284	0.393547863637675
692.811	0.39462909499188
693.344	0.394748888726775
693.872	0.394791447757
694.404	0.395103824059344
694.932	0.395166502353863
695.463	0.395420055818234
695.992	0.395502447293181
696.523	0.397022428000096
697.051	0.396413302147969
697.583	0.396486113872301
698.111	0.397330367391054
698.643	0.397087683845298
699.172	0.397882726982263
699.699	0.397802481512969
700.225	0.397989284098698
700.764	0.397888616291758
701.292	0.398188748164613
701.824	0.398467700571375
702.352	0.399147809779453
702.884	0.399090652446924
703.411	0.398710721898819
703.94	0.399481925669837
704.467	0.399273437025127
704.998	0.399417052401379
705.527	0.400513721786216
706.058	0.400537245592898
706.587	0.400955294717379
707.118	0.401354944599844
707.646	0.40147330510522
708.177	0.400987319837118
708.705	0.401715856975481
709.237	0.402166864475325
709.766	0.4027752952486
710.297	0.402496243269488
710.825	0.403289527913936
711.357	0.402434887738263
711.885	0.402949890923728
712.417	0.40378921810697
712.944	0.403751877027611
713.484	0.404632584596437
714.012	0.404003653069866
714.544	0.404740838314217
715.071	0.40456866041669
715.603	0.405004119423078
716.132	0.405479167108774
716.663	0.405902805284087
717.192	0.405083737081704
717.722	0.405973228396544
718.249	0.40651477969305
718.775	0.406154764858739
719.299	0.406987410892107
719.823	0.407087750184889
720.35	0.407569553760658
720.88	0.407041605589672
721.407	0.407376935606824
721.933	0.407449840974733
722.46	0.40825901948371
723.086	0.408394456467472
723.611	0.40843512429384
724.142	0.408927529792393
724.667	0.409608952002462
725.2	0.40918038462281
725.729	0.410012783446756
726.26	0.409473262966649
726.789	0.410373409008454
727.319	0.409687869703275
727.848	0.410775931790412
728.38	0.410649902149254
728.906	0.410399719820484
729.439	0.41088613146175
729.967	0.41122914806102
730.498	0.412065642963803
731.026	0.412312628785595
731.558	0.412342574298538
732.086	0.412610104154794
732.618	0.41258529652915
733.146	0.413201014810851
733.677	0.413138257690825
734.206	0.41293604109023
734.733	0.413920584500876
735.259	0.413452960929245
735.791	0.41382702599541
736.319	0.413971824013204
736.852	0.414637276841302
737.379	0.414502635391147
737.908	0.414587479117168
738.436	0.414579882342557
738.968	0.415814959495765
739.493	0.415429481131981
740.025	0.415986238593462
740.552	0.416297401792716
741.085	0.416805068693485
741.612	0.416113443695863
742.144	0.416674157969353
742.762	0.417391364411769
743.293	0.417463074245149
743.821	0.417768225146386
744.353	0.418075670595175
744.881	0.418333982507219
745.42	0.418343520783503
745.948	0.41856102620349
746.581	0.418912582806728
747.206	0.419009818467968
747.737	0.419748087030606
748.267	0.419439267560372
748.798	0.420205989775288
749.325	0.419676735305844
749.859	0.42081614902636
750.386	0.420688944703181
750.917	0.421572297713564
751.446	0.421314355896211
751.978	0.421660532542121
752.505	0.421525762716714
753.036	0.422570309703678
753.565	0.421741961419953
754.096	0.422997089906748
754.624	0.422549663665656
755.157	0.422614189228946
755.684	0.422399952363017
756.213	0.423553129898526
756.741	0.422675581153763
757.274	0.423455470846784
757.799	0.422986081285545
758.331	0.424657872496373
758.858	0.42417497831521
759.386	0.42406830370752
759.915	0.424269845013561
760.446	0.424901886045618
760.975	0.425540260840574
761.506	0.425790200238243
762.034	0.425457157246356
762.567	0.425880444094509
763.096	0.425968544722803
763.627	0.426231150461676
764.157	0.42698092852741
764.688	0.427025696299148
765.215	0.427039252836109
765.746	0.42762856624446
766.274	0.427891491686873
766.806	0.428405879039873
767.334	0.42810924690254
767.867	0.428383828356503
768.395	0.428271089373102
768.923	0.428992562057628
769.45	0.428956572786024
769.982	0.429052413264383
770.51	0.429018968489588
771.041	0.430214355769036
771.57	0.429964512502274
772.103	0.430737012789682
772.631	0.430818235550223
773.162	0.430621541599613
773.69	0.430756109842489
774.221	0.431565154505384
774.749	0.431188294589262
775.281	0.431974171573418
775.809	0.431354217933923
776.337	0.432695152077267
776.864	0.432186215490812
777.396	0.432856771416783
777.924	0.432605934736738
778.456	0.432968438175535
778.984	0.432773918717182
779.515	0.433746370729023
780.044	0.433377288053048
780.576	0.43465409189674
781.102	0.434144354562944
781.634	0.434326940338086
782.162	0.434793891583817
782.693	0.435275828199205
783.221	0.434745981245226
783.754	0.435819018722747
784.283	0.436248659347738
784.814	0.436510491980078
785.342	0.436460831549218
785.873	0.4369912686386
786.4	0.436239629899969
786.93	0.436743313412278
787.458	0.437061637244213
787.99	0.437222446672972
788.517	0.437404569733004
789.049	0.437841431109779
789.577	0.437762605830947
790.11	0.438405764824913
790.638	0.438167223455132
791.17	0.438724697330817
791.698	0.438449856461751
792.23	0.439681409865794
792.759	0.43981426436807
793.29	0.44012941746833
793.819	0.439520715087146
794.35	0.439908276130289
794.879	0.441179019262073
795.41	0.44088571716953
795.938	0.440755796573194
796.468	0.440832008082564
796.993	0.441463404640912
797.524	0.441869721962122
798.052	0.442177975086797
798.579	0.441968930765426
799.107	0.442692511225291
799.637	0.442954167187018
800.166	0.443314665554918
800.697	0.442993753525744
801.226	0.443956148406552
801.757	0.443659023646047
802.285	0.444253375240723
802.91	0.443187843124046
803.439	0.444565276141588
803.972	0.444229566497061
804.501	0.444066900536448
805.126	0.445191333621545
805.652	0.444793720950913
806.184	0.444855642664611
806.713	0.445951620226005
807.243	0.444947467963601
807.769	0.446347318054937
808.299	0.446454777084829
808.827	0.446078380765175
809.359	0.446280375981032
809.888	0.446875333849224
810.416	0.446417900178697
810.943	0.447481524407839
811.474	0.447935308308306
812.002	0.447590346662348
812.534	0.4475273948375
813.063	0.448008715767171
813.595	0.44877002753621
814.123	0.448516699216901
814.655	0.449562968936766
815.181	0.449074058277733
815.712	0.449511385703829
816.241	0.450134556564602
816.773	0.450233196262657
817.3	0.450535796033368
817.832	0.450728556869757
818.358	0.45098978955824
818.89	0.45047820545585
819.417	0.451131450211503
819.949	0.451073387745426
820.476	0.45127433213993
821.008	0.451566838604851
821.537	0.452377464129884
822.068	0.451839465273971
822.6	0.452866490326331
823.131	0.452575318897622
823.66	0.453078745275837
824.192	0.453149992443203
824.72	0.453634939713186
825.249	0.454134421144894
825.777	0.454060467451142
826.309	0.454242285229456
826.837	0.454073122494065
827.369	0.454541552850594
827.897	0.454295542258199
828.426	0.454724077482072
828.952	0.455585077833615
829.484	0.455350647436477
830.012	0.455959805628114
830.544	0.455515234671422
831.072	0.456258201865708
831.605	0.456272258886237
832.133	0.456749097653118
832.664	0.457425325056242
833.192	0.456939383282465
833.723	0.457019830128055
834.252	0.458402487375668
834.784	0.457370323173651
835.313	0.458236228134652
835.844	0.458148533465707
836.374	0.458436887530483
836.905	0.458666659075569
837.433	0.459274658826846
837.965	0.45948676000478
838.494	0.459817901784805
839.026	0.460124986610495
839.553	0.460392147061499
840.085	0.459951527166324
840.614	0.460353508565027
841.146	0.46005906573917
841.675	0.460623641259811
842.207	0.460656317992326
842.735	0.46112959450491
843.262	0.46113993163777
843.789	0.46203224978015
844.321	0.460843379469364
844.848	0.462180219881811
845.38	0.463100011136469
845.908	0.462264758270228
846.442	0.462640610552389
846.971	0.462391267770028
847.501	0.462855674321739
848.029	0.462973284329148
848.648	0.463674246729322
849.177	0.464469522250262
849.708	0.463886883229233
850.236	0.464536665711155
850.768	0.46493344011986
851.296	0.464909910073649
851.827	0.465803737690243
852.356	0.465888306976662
852.887	0.466086168054072
853.412	0.46560747171093
853.942	0.466602339779864
854.468	0.466329649942736
854.999	0.466022888487611
855.625	0.46736705133472
856.157	0.466604537295706
856.686	0.467499046858062
857.217	0.467690836957413
857.746	0.468149280512366
858.277	0.468614573501603
858.805	0.467970687212826
859.336	0.46871054570017
859.865	0.469142676115576
860.399	0.468769836786452
860.927	0.468798801774765
861.46	0.470173129800887
861.988	0.469386935960326
862.519	0.469956373409227
863.047	0.470555902631529
863.58	0.470746063135346
864.107	0.470432256136049
864.636	0.470996954639909
865.163	0.471511057385651
865.695	0.471889200170009
866.225	0.472365000463177
866.756	0.471492495308326
867.282	0.471876213692475
867.813	0.472080673279018
868.342	0.472700489573814
868.873	0.472638642233875
869.402	0.472621231586103
869.934	0.472967859835688
870.462	0.473801882595705
870.994	0.473917039533642
871.523	0.473688684324543
872.054	0.473775392829636
872.584	0.473998182536946
873.115	0.474188282489629
873.643	0.474789386491426
874.174	0.475259748713652
874.7	0.474821800162192
875.231	0.474595109242241
875.756	0.476296982737346
876.28	0.475478386863425
876.808	0.475932199797267
877.339	0.47667371103492
877.866	0.475862276226399
878.398	0.476586290111182
878.926	0.47635550985627
879.457	0.476281504951013
879.985	0.477487320449132
880.516	0.477702050687981
881.045	0.478062690894563
881.575	0.477978984993642
882.103	0.478479300435913
882.634	0.478674439737208
883.163	0.479000025655845
883.695	0.478733961637821
884.222	0.479050426480549
884.754	0.478329204347238
885.282	0.478874089441087
885.814	0.478718625907257
886.343	0.479825505369486
886.874	0.479365260461129
887.402	0.480168517608298
887.933	0.480905276419195
888.461	0.480681960342567
888.992	0.480626767749606
889.518	0.480993291232328
890.049	0.480888306479912
890.578	0.481891697128632
891.109	0.481824837279638
891.637	0.482490760647325
892.169	0.482728270304672
892.697	0.482806048204912
893.229	0.482427748361205
893.759	0.483154436474662
894.291	0.482682922258734
894.819	0.483360416024552
895.35	0.483427775144549
895.878	0.484046700957511
896.409	0.484418705392865
897.027	0.48524391174071
897.559	0.484556016874739
898.087	0.484453866421644
898.618	0.484522057127068
899.147	0.484918622972314
899.678	0.484976938810169
900.205	0.484597987714458
900.735	0.486459243283139
901.36	0.48676449719478
901.893	0.486176000260133
902.422	0.485449240093195
902.953	0.486930093957965
903.481	0.487122406116156
904.013	0.487467031304306
904.541	0.486935927156025
905.078	0.487615009122429
905.603	0.488365362760846
906.13	0.488495296492125
906.655	0.488084403106204
907.292	0.488468100889467
