##################################################
# DATA EXPORT AND TRANSFORMATION REPORT
#
# Original File: 1.xlsx
# Experiment Start Date/Time: 2025-06-27 14:56:06
# Processing Date: 2025-07-23 12:59:48.418817
#
# Operations Performed:
# - Column 1 (Time): Read from Excel Column B (milliseconds), divided by 1000.
# - Column 2 (Absorbance): Read from Excel Column C, comma decimal converted to dot decimal.
##################################################

Time (s)	UA
8.659	0.1111734564228152
9.265	0.11126366651190604
9.794	0.11130252213992349
10.321	0.11083824557157372
10.852	0.11083864165653663
11.38	0.11071728213334454
11.913	0.1113506548928542
12.441	0.1112624703373291
12.974	0.11115804970621247
13.502	0.11102422792677208
14.034	0.11124281126635392
14.56	0.11147844518152716
15.092	0.1112055540702153
15.617	0.11146144297188668
16.149	0.11167334300382445
16.677	0.11109393933031557
17.203	0.11138352803103573
17.73	0.11163835063894073
18.258	0.11121372195243635
18.787	0.11141149580076395
19.319	0.11140180047592901
19.846	0.1112202214304241
20.394	0.11145312322119082
20.999	0.111452601573409
21.532	0.11148259754455889
22.059	0.11196553763218765
22.66	0.11186127929505438
23.188	0.11169186189748179
23.721	0.11144046507117061
24.249	0.11123663163796875
24.782	0.11122423027875333
25.308	0.11159248525774856
25.84	0.11144998003753268
26.368	0.11170228695488649
26.9	0.11146290214728652
27.428	0.11151511032245207
27.96	0.11132566055276848
28.488	0.1117015875963394
29.02	0.11173449573802516
29.545	0.11154483661197614
30.076	0.11162465805226526
30.605	0.11186271515503703
31.137	0.1112744957843046
31.666	0.11182253885377388
32.198	0.11189237434093384
32.728	0.11131692297012472
33.259	0.11144616236559461
33.788	0.11134705832531233
34.318	0.1112959435885397
34.845	0.1118035321913815
35.377	0.11166777633174396
35.905	0.11174023392379887
36.439	0.1118235814178886
36.967	0.11136025125548313
37.496	0.11145637656868373
38.023	0.11155690186982925
38.552	0.11118073334756651
39.079	0.11113738268796171
39.611	0.11130478005845354
40.153	0.11123501471974707
40.755	0.11163488527607256
41.284	0.11146628399821955
41.816	0.11150992010256204
42.344	0.11100280377881777
42.876	0.11143077391170408
43.405	0.11149768336918839
43.937	0.11159794614098549
44.466	0.11132389432019017
44.998	0.11182284711340297
45.526	0.11129681516207476
46.059	0.11074775176895515
46.585	0.11096467480866945
47.117	0.11100976804708007
47.644	0.11115013940447349
48.177	0.11096214365864793
48.706	0.11068246393826213
49.237	0.11105708609148227
49.766	0.11143669733958345
50.298	0.11091155490855718
50.826	0.11080627830075906
51.36	0.11096290165215883
51.887	0.11070301754908518
52.42	0.11146439029800456
52.949	0.11147998506907207
53.48	0.11176684389400572
54.008	0.1112423146519888
54.541	0.11121860630181776
55.068	0.11138383886103487
55.601	0.11152486481085709
56.129	0.11152445198952703
56.661	0.11135949531714505
57.19	0.11144234918181593
57.722	0.11153934326430512
58.251	0.1107208929215654
58.78	0.11111991854257387
59.307	0.1115268263778892
59.839	0.11201962932867916
60.382	0.11124568224982807
60.984	0.11153678619778351
61.512	0.11133001520946632
62.043	0.11114372156537865
62.569	0.11184531170644899
63.101	0.1117481722401719
63.629	0.11143961834455034
64.16	0.11199566067152289
64.689	0.11183586724524805
65.22	0.11162593410875268
65.748	0.1116094928863467
66.281	0.11179404778240656
66.809	0.11203908445380172
67.341	0.11196180985801966
67.87	0.11108042375637657
68.402	0.11197497950318532
68.928	0.11146692242091324
69.46	0.11146920643030853
69.987	0.11140738616214971
70.52	0.11187180672994251
71.047	0.1114971773501048
71.578	0.11185402320215017
72.107	0.11180165777035346
72.64	0.11194638657586364
73.169	0.11185634560308085
73.701	0.11168652280396525
74.229	0.11239940929368837
74.761	0.11148181989500909
75.29	0.11187054727252445
75.821	0.11250763056918663
76.349	0.11149223505570605
76.882	0.11158087368417556
77.41	0.11266145156660966
77.941	0.11193023271342213
78.47	0.11171344209754654
79.002	0.11200391677193028
79.53	0.11176926387208115
80.073	0.1116514520720512
80.68	0.11152457233580072
81.212	0.11146556641896442
81.737	0.1115596456222728
82.268	0.11086740833295808
82.795	0.11189851260255998
83.327	0.11145751546991436
83.855	0.11159460637247631
84.387	0.11147868432915432
84.915	0.11208998487536026
85.446	0.11174615314563849
85.975	0.11211062025088978
86.578	0.11184828249209347
87.106	0.11229123405718042
87.638	0.11172343922635211
88.163	0.11223136743210578
88.692	0.11237357796887555
89.216	0.11249217790460371
89.748	0.11235920645527572
90.277	0.11249197743210652
90.808	0.11257876108797099
91.336	0.11239911422523216
91.868	0.1120247782454972
92.471	0.11233984055458485
93.002	0.1127273797799287
93.529	0.11306420271162466
94.06	0.1122574171993701
94.586	0.11257335327828683
95.119	0.11253516284943593
95.647	0.11262747567683552
96.178	0.1126217810167519
96.707	0.11221537496302977
97.238	0.1125937553452857
97.766	0.11225391993485329
98.298	0.11270425012234365
98.827	0.11231888297179835
99.354	0.11209217507484484
99.882	0.11187509259196496
100.415	0.11197707505748758
101.02	0.11212430184827338
101.551	0.11273732438398125
102.08	0.11247068217567897
102.612	0.11186379632727318
103.141	0.11210181059554594
103.672	0.1121685368212751
104.201	0.11192047178524875
104.733	0.11219909009759774
105.262	0.11150230718929657
105.793	0.11244149332279141
106.322	0.11243216208487983
106.854	0.11173179042133657
107.382	0.11206470946717835
107.914	0.11221991750514858
108.442	0.11180395254401662
108.973	0.11208096474231279
109.499	0.11183222175217078
110.031	0.11173250013243151
110.559	0.11194751034610863
111.09	0.11183536911202649
111.62	0.11250924192467394
112.152	0.11257196190142514
112.68	0.11193887599531341
113.212	0.11229875110719316
113.74	0.11163067996061442
114.266	0.11190254914582247
114.794	0.11154992248877335
115.325	0.1115916040087507
115.853	0.11249333956552429
116.386	0.11154625694107387
116.914	0.11231368724884852
117.446	0.11126072860717177
117.975	0.11216360673477911
118.507	0.11194699814649303
119.035	0.11221949010191101
119.567	0.11225991774888652
120.109	0.11110702420325062
120.711	0.11170118900926326
121.242	0.11228828284494242
121.773	0.11189846321018461
122.302	0.11166988640772776
122.833	0.11207841975450153
123.362	0.11171708209748334
123.894	0.11217081052220967
124.422	0.112284218863713
124.953	0.11185841038397805
125.482	0.11212949410659664
126.013	0.11211990458172712
126.541	0.1118909602689509
127.073	0.11166312084125615
127.601	0.1121891297612482
128.131	0.1115913107918266
128.658	0.112118557459972
129.19	0.11214372210977021
129.718	0.11220240253239469
130.25	0.11176507105820765
130.778	0.11170565564362195
131.31	0.11187260316594025
131.836	0.11213570087771867
132.368	0.11237680420034694
132.896	0.11206202359579781
133.422	0.1121520989170798
133.95	0.11242248086474138
134.484	0.11254149000546589
135.012	0.11202946124239932
135.543	0.11183492595986565
136.072	0.1121849863637466
136.604	0.11237039502174942
137.132	0.11148881790066369
137.664	0.11166754893605706
138.193	0.11201237058031227
138.724	0.11182775805293164
139.252	0.11166173436279268
139.785	0.11157018591372363
140.329	0.11162662072470866
140.941	0.11145613689230609
141.469	0.11224871911120732
142.001	0.11218210541627249
142.529	0.11187637746467827
143.061	0.11170774988515571
143.586	0.11169974976821131
144.116	0.11199837436675483
144.644	0.1116854759200938
145.175	0.1120182216747746
145.701	0.11218288666541329
146.231	0.11174181570177244
146.76	0.11171444652103382
147.291	0.11185349680616065
147.82	0.111547323722172
148.427	0.11207905371469322
148.955	0.11176744432504124
149.487	0.11214366099121532
150.017	0.11191107046078655
150.549	0.11115127340674705
151.076	0.11154621158490977
151.607	0.1118603864036677
152.135	0.11152987977473838
152.667	0.11152435771447027
153.267	0.11169619490042326
153.799	0.11207790093643452
154.327	0.1112665113974841
154.858	0.11192108215633147
155.387	0.11160652189768885
155.918	0.11158864136771175
156.525	0.11155516329875403
157.053	0.11179661249299667
157.58	0.11162198701006029
158.107	0.11186711454103226
158.633	0.1118192022490638
159.16	0.1118011821156714
159.686	0.1116785647625536
160.217	0.11196555022717067
160.87	0.1117381998288576
161.399	0.11123009985455423
161.922	0.11150850938045681
162.448	0.11208428039741822
162.98	0.11156393351541845
163.506	0.11157813025895863
164.032	0.11098365443886998
164.56	0.1115029688248044
165.089	0.11128605602289923
165.615	0.11142200506376367
166.141	0.11164824527883634
166.67	0.11182552010584525
167.195	0.11109025479020534
167.73	0.11170269093802518
168.258	0.11195270387266804
168.787	0.11184910562303173
169.312	0.11131261544222264
169.841	0.11187656419418694
170.369	0.1116175988770599
170.9	0.1115319076800671
171.428	0.111538269057146
171.96	0.1117828295622825
172.489	0.11161681628876192
173.02	0.11120124491975103
173.547	0.11129667490155244
174.074	0.11108389100586714
174.602	0.11178808116003036
175.129	0.11152043979189132
175.653	0.11140023640788811
176.185	0.11195431460167349
176.709	0.11136884105482492
177.241	0.11210100648246718
177.776	0.1112999309928783
178.309	0.11169735166656089
178.834	0.11171387418041108
179.367	0.11160024599531096
179.896	0.11086529156604982
180.487	0.11114874684803473
181.107	0.11155525256477897
181.636	0.1115060526656797
182.164	0.1118233574588084
182.697	0.11132189070140958
183.226	0.1114786709589047
183.752	0.1114946871681387
184.277	0.11148168726758031
184.806	0.11173002870986906
185.335	0.11150829727763385
185.868	0.11086917152535432
186.395	0.11124946252264663
186.927	0.11142641447823308
187.456	0.11127746004252166
187.988	0.11174535184601816
188.515	0.11110501382785287
189.048	0.1111454514413167
189.574	0.11154788362194844
190.105	0.11124115578071668
190.633	0.11059289587404647
191.164	0.11131066899526859
191.691	0.11152538067426725
192.217	0.11158694517233826
192.744	0.11146388980640524
193.275	0.11140043410689582
193.805	0.11129815479280386
194.337	0.11079285193830826
194.866	0.11145732578574648
195.398	0.11179646723925733
195.921	0.11169277862894603
196.446	0.11145331498586988
196.973	0.1111934372825125
197.504	0.11116853624288225
198.03	0.11089820134511227
198.562	0.11178024956711646
199.087	0.11143876771715096
199.618	0.11164805108661376
200.16	0.11101703174387532
200.776	0.11157710202565015
201.306	0.11136059691885063
201.837	0.11143093623218198
202.365	0.11137778201040117
202.897	0.11129239761062606
203.426	0.11184542698804689
203.957	0.11139244658655197
204.485	0.1118945410624898
205.017	0.11177355262878849
205.545	0.11142608698905798
206.076	0.11120111126325147
206.603	0.1112245597530795
207.134	0.11118012717067363
207.661	0.11173549675749911
208.193	0.11129276367871316
208.721	0.11121733860893114
209.25	0.1111447397463462
209.778	0.11117231022293052
210.309	0.11152907175985753
210.911	0.11133893398838687
211.444	0.11161634340872284
211.973	0.11127643049348067
212.504	0.11141748838717694
213.034	0.11149503834255056
213.565	0.11172593597889123
214.093	0.11198252916457371
214.625	0.11115367999241736
215.155	0.11199363454053124
215.686	0.11154231426198269
216.215	0.11140861121312393
216.746	0.1122918136134278
217.274	0.11147700501667118
217.814	0.11141835066784775
218.341	0.11133971244862559
218.873	0.11137593625240014
219.401	0.111787783037145
219.933	0.11158720756989277
220.473	0.11168476171385758
221.086	0.11142274666098209
221.615	0.11136224967434234
222.146	0.1112465908849399
222.673	0.11148363831437061
223.197	0.11168773348420322
223.724	0.11169390477698761
224.256	0.11196278370758757
224.784	0.11182852987005157
225.316	0.11176635553656053
225.845	0.1115881137907984
226.376	0.1117770141946616
226.905	0.11164622493330104
227.437	0.11169290687094213
227.972	0.11154648040922847
228.504	0.11219976706230397
229.031	0.11177670400175664
229.563	0.11145354927238907
230.091	0.11152772576806547
230.623	0.11107360477369324
231.149	0.11123209346866718
231.679	0.11200829122420794
232.205	0.11131324972923565
232.737	0.11173089162755984
233.265	0.11162255307858017
233.797	0.11161396037357113
234.325	0.11163680964888105
234.856	0.11136255532200524
235.385	0.11158168167636237
235.916	0.11154946947191284
236.444	0.11149866823015482
236.977	0.11133755483074442
237.505	0.11166995998214645
238.036	0.11139612423916447
238.562	0.11169198565842023
239.093	0.11141326551990556
239.621	0.11204085601796293
240.167	0.1118042467365181
240.78	0.11195001637807225
241.311	0.11109997909420972
241.839	0.11198153325093822
242.371	0.11202577820194923
242.9	0.11215069923345157
243.431	0.11194151920633946
243.959	0.11221744238125457
244.488	0.11200285909022838
245.016	0.11146466243467602
245.548	0.11123769336830375
246.075	0.11203368846684712
246.606	0.11144916326947156
247.134	0.11157298459623817
247.659	0.1112855520121379
248.184	0.11147765588715736
248.715	0.11191784197999942
249.243	0.11154798351119738
249.775	0.11145224713675651
250.303	0.11135212411687327
250.836	0.11159418581112932
251.363	0.11153198987839219
251.895	0.1123003078900802
252.423	0.03485049698459519
252.951	-0.029784985290178378
253.478	-0.02986263093788054
254.01	-0.030033064536441403
254.538	-0.030140931679034616
255.07	-0.030067936615568624
255.599	-0.029950852318532697
256.128	-0.02979117651881968
256.655	-0.030233322141389244
257.188	-0.030326968822973647
257.715	-0.03016550001173718
258.245	-0.02988039107581791
258.773	-0.029955691834970113
259.304	-0.029966418645996386
259.833	-0.030099254039188204
260.376	-0.03006626587985333
260.989	-0.030153320466587533
261.52	-0.03033708622410356
262.049	-0.030108900045126362
262.58	-0.029799846809847045
263.109	-0.0300486664857242
263.64	-0.029836239089955082
264.166	-0.030168429483941887
264.698	-0.030092126362015154
265.227	-0.030170948800189036
265.758	-0.030112872317621803
266.286	-0.029768200832748226
266.817	-0.029919542579205455
267.344	-0.029825915330804684
267.875	-0.030185030884297526
268.494	-0.03007496041206353
269.026	-0.03000557987976338
269.554	-0.030123501632954103
270.082	-0.03025028414119579
270.609	-0.02990995794666145
271.14	-0.029919670763640657
271.668	-0.029986580498385908
272.199	-0.030049656487266187
272.728	-0.029782923702264805
273.259	-0.02974254643587936
273.787	-0.02978058311796011
274.32	-0.02993341694943538
274.849	-0.030051301043218626
275.38	-0.030228452092138636
275.909	-0.02963802123169091
276.441	-0.0298599408303889
276.968	-0.02993661530101886
277.501	0.33750010890694576
278.029	0.21426745521731208
278.561	0.18469393882943871
279.088	0.1754690265072376
279.62	0.15804068479617933
280.169	0.15638184895492857
280.787	0.1467664500559947
281.315	0.14957287734907987
281.846	0.14985531949877967
282.375	0.15087228925169324
282.906	0.15461457139979912
283.434	0.1548708885654753
283.966	0.15338346247250637
284.493	0.15224494919028747
285.025	0.15205182516698387
285.553	0.15231372764040388
286.085	0.15266895030966465
286.615	0.15253379056305028
287.147	0.15293233347873805
287.673	0.15388319797309002
288.204	0.15393556262445882
288.732	0.15381972497031296
289.264	0.15448380460775185
289.792	0.1559006152498592
290.325	0.15718328030034304
290.849	0.15638950031688376
291.38	0.15619831996105896
291.909	0.15679340410301426
292.441	0.15681646525164633
292.969	0.15702582380336735
293.499	0.15726072806935293
294.029	0.15798864930971523
294.56	0.15784148418597024
295.089	0.15736521411165857
295.621	0.15789128530297158
296.148	0.1579723099983986
296.68	0.15838083243377368
297.209	0.15923462578944542
297.738	0.1592258911153851
298.264	0.15969253234024156
298.793	0.15969070056489165
299.322	0.1597950005240447
299.853	0.16035188502528727
300.393	0.16119827732822178
301.014	0.16154802664866097
301.543	0.1612783211726663
302.074	0.16199966866919677
302.602	0.1626578959203017
303.135	0.1630424545179187
303.662	0.16358034618603173
304.194	0.16442028655077973
304.724	0.16483012426089055
305.256	0.16452051847225962
305.784	0.16523824537069903
306.315	0.16581488403301622
306.844	0.16634808224933498
307.375	0.16659960158108716
307.904	0.16697950880211085
308.437	0.1673332498776962
308.965	0.16791379964428826
309.497	0.16893985768890443
310.025	0.16897625235539407
310.557	0.1693891023426052
311.083	0.17007359178143072
311.614	0.17034734958767977
312.142	0.17119859259115236
312.671	0.17155100148469485
313.197	0.17197103376926476
313.729	0.17245133697911985
314.257	0.17251893432656343
314.789	0.17233016666549805
315.316	0.17382538647274012
315.847	0.1744569817283308
316.376	0.17458270762259406
316.907	0.1751122601090965
317.436	0.17527030321841658
318.054	0.1754616155345079
318.581	0.17590446548245064
319.112	0.17656924985474484
319.639	0.17706901639658565
320.178	0.17712618428258414
320.793	0.17825692109879382
321.325	0.17778481406896265
321.851	0.17846327460080072
322.383	0.17945764677624682
322.911	0.1798205920205593
323.443	0.18020976570187078
323.972	0.18049365292530184
324.502	0.18118627690208566
325.031	0.1815082115380898
325.562	0.181892546431046
326.089	0.1827451072424737
326.621	0.18269478450963628
327.149	0.18335962540523013
327.681	0.18373034277518469
328.21	0.18397472026173797
328.742	0.18427494274140863
329.27	0.18474295368556995
329.801	0.18542545471796526
330.33	0.18595847165467816
330.862	0.18630018672923696
331.39	0.1864554559232902
331.922	0.18718311914948468
332.458	0.18719438450264236
332.986	0.18789173828092473
333.511	0.18862320206059033
334.043	0.18840847803691252
334.572	0.18935794072921577
335.103	0.18953281865271118
335.631	0.18941189902764446
336.162	0.19011086864977925
336.691	0.19047214159596215
337.222	0.19125315868493228
337.751	0.19114505951593425
338.279	0.19172646293977966
338.807	0.19210185823105552
339.339	0.19278516169452706
339.867	0.19312470296785303
340.418	0.1940380511030671
341.032	0.19458061781301836
341.566	0.19458286618598614
342.094	0.19514770667627854
342.622	0.19564789109177938
343.149	0.19569802813056003
343.681	0.1965203970202849
344.208	0.19667829805189835
344.738	0.19719658739427667
345.266	0.19721351233189172
345.796	0.19816878857294581
346.324	0.19865789875952322
346.856	0.1991017322012791
347.383	0.19984240295518235
347.914	0.19993580784174822
348.441	0.1999578055801603
348.974	0.20027733663344235
349.502	0.20058303232666436
350.033	0.20153942424735904
350.562	0.20225053690180153
351.094	0.2026967159675174
351.621	0.20279118762818626
352.154	0.20306626936611938
352.682	0.20340788491268802
353.214	0.20322687201974865
353.74	0.20466140130304059
354.271	0.20440059373614838
354.797	0.20466679761431844
355.328	0.2055669356442938
355.857	0.2058594731536472
356.389	0.20658522331179643
356.915	0.20636316614469477
357.444	0.20720741687853397
357.973	0.2076756836607644
358.504	0.2076486212440142
359.032	0.20799239300472286
359.565	0.20753678365944705
360.113	0.20869325101609265
360.741	0.20955439772052933
361.27	0.20957573735892146
361.802	0.21027298813873427
362.33	0.21047732382082998
362.861	0.21120368110006402
363.391	0.2120916468562768
363.921	0.21151613154417429
364.45	0.21224665407898227
364.976	0.21204765864307767
365.504	0.2130035234553324
366.035	0.21315783717205078
366.562	0.2132979033655186
367.095	0.21433959811638945
367.624	0.214565417443783
368.156	0.21483963951740964
368.684	0.21544122171939944
369.219	0.21576375605279788
369.747	0.21568096192194183
370.279	0.21608610920138197
370.807	0.2169061470800116
371.339	0.21672645435309776
371.867	0.21679959877077182
372.398	0.21755641180927518
372.925	0.217813029502799
373.456	0.21787400088771466
373.983	0.21846980977184313
374.516	0.21837671966097386
375.049	0.21891467793670435
375.58	0.219176136527315
376.108	0.22005038704984517
376.639	0.21970784378572406
377.167	0.21995648607373863
377.698	0.2207722159016137
378.225	0.22111537627153133
378.754	0.22185647967868605
379.281	0.2219551355261833
379.813	0.2220547503615806
380.36	0.222594592099062
380.98	0.22259370121249863
381.51	0.22356319281023218
382.041	0.22322165506547564
382.569	0.22387289968768634
383.102	0.22437699558721216
383.63	0.22388764161425848
384.161	0.22446050821259098
384.69	0.2252703135170881
385.222	0.22585635841246432
385.75	0.22551609800929467
386.282	0.22623175707678622
386.809	0.22689632589014502
387.337	0.22702464924337734
387.865	0.22786082013619377
388.398	0.22705534049286016
388.926	0.22817410578450067
389.455	0.22848687175319746
389.983	0.22898532232032295
390.515	0.22936309427917725
391.043	0.2285544392114832
391.574	0.22943009399047065
392.103	0.22942096209769347
392.634	0.23077236241221505
393.163	0.230973117984739
393.695	0.23087886008521213
394.223	0.23135509497298004
394.756	0.23157251929713196
395.283	0.2322285840201291
395.815	0.23242853212179876
396.341	0.23238072980735894
396.871	0.23275988998031763
397.491	0.23364239621452915
398.022	0.23402810394166415
398.551	0.23458316170447127
399.083	0.23448690564907246
399.61	0.23401438455266987
400.14	0.2355547132635888
400.668	0.23559562889168142
401.199	0.23577227278000704
401.727	0.23623906080357562
402.258	0.23689231996434615
402.786	0.23647525520153298
403.317	0.23739145499799627
403.846	0.23738789299076954
404.378	0.23727267317690798
404.905	0.23847544999587905
405.437	0.2383520378470754
405.965	0.23862088435286777
406.496	0.2391848896766498
407.108	0.23993131045336524
407.641	0.2400185838048361
408.169	0.23956522198455385
408.7	0.24037860764790056
409.229	0.24080069757275252
409.761	0.2406876689953581
410.289	0.24120356690137693
410.82	0.24147224933861436
411.347	0.24236175795851167
411.878	0.24243851839508296
412.406	0.24276542556972297
412.938	0.2433922133285233
413.467	0.243640817447341
413.999	0.24384287366930898
414.527	0.2444360988838878
415.058	0.24436626116363025
415.587	0.24478133840627211
416.118	0.2451278475709287
416.644	0.24569644764188345
417.175	0.24659572754187845
417.704	0.24619893614316332
418.237	0.24633890222454077
418.765	0.24688756029945721
419.296	0.24765647158552773
419.826	0.2474612114937506
420.357	0.2474494287658219
420.886	0.24839938516165672
421.416	0.2486842390617167
421.944	0.24918481872541623
422.473	0.24946455493158926
423.0	0.24977931374181295
423.532	0.24960980989865972
424.152	0.2502558139423059
424.685	0.25082162234381583
425.213	0.25084166780054706
425.754	0.251432691087823
426.282	0.25186614012457753
426.813	0.2529001944836821
427.338	0.2525398994868281
427.863	0.25357885087674065
428.387	0.253003372255675
428.913	0.2535264087862961
429.437	0.25348386663984335
429.963	0.25394000122356497
430.49	0.2544537992913603
431.022	0.255252311690723
431.549	0.25513085108769645
432.082	0.2558357271474918
432.611	0.2560333658676981
433.142	0.25567500407663785
433.671	0.25689648776376295
434.202	0.25636754878975265
434.727	0.2567136216029168
435.257	0.2574187648212372
435.784	0.25744108308067803
436.316	0.2580745490308645
436.845	0.2577643288163745
437.378	0.2583935253212758
437.907	0.2585481488843404
438.439	0.25872891696332695
438.964	0.25897083797528125
439.496	0.259282629355592
440.024	0.2600247453735322
440.556	0.26053109654266565
441.085	0.2607635582548378
441.616	0.26108221302463014
442.144	0.26161626933990956
442.676	0.26153428839437876
443.203	0.26200120462600246
443.736	0.2622545992274318
444.264	0.26299394188916697
444.795	0.26316400385677263
445.323	0.26340446266438244
445.854	0.2641626901152542
446.383	0.2638906391070473
446.914	0.2650732763117746
447.442	0.26480318580597445
447.974	0.2650004385446452
448.5	0.2657572885484012
449.031	0.2661745496617805
449.556	0.26626353207807335
450.085	0.26661702350217764
450.612	0.2669499635311786
451.14	0.26720781635485863
451.667	0.2671871985535184
452.196	0.2679925145550129
452.723	0.26814277577434464
453.256	0.2684950586707308
453.784	0.2688040509727711
454.315	0.2693200579805587
454.843	0.26984877918924205
455.376	0.26956294989682567
455.903	0.27000730574466125
456.435	0.27026792632568086
456.963	0.27037064533352334
457.496	0.2706580764472625
458.02	0.27138213605562467
458.551	0.27129580474712256
459.079	0.2720250830222916
459.61	0.2721529333989271
460.136	0.2726726723675273
460.669	0.27243581523342547
461.197	0.27306438178137765
461.726	0.2734210408738047
462.254	0.2736707417981982
462.782	0.27378148052809337
463.307	0.27385887602533165
463.839	0.2743105767885169
464.368	0.2751784735439744
464.899	0.27546636546805453
465.427	0.2751169212555178
465.958	0.27587053744778994
466.486	0.27622535019153005
467.018	0.2761076144190175
467.546	0.2772565176946967
468.077	0.27700022825470805
468.605	0.2764983356371695
469.136	0.27799176871332576
469.663	0.2787742995629856
470.193	0.2785991926368578
470.72	0.2783631177889758
471.252	0.2784390605359722
471.78	0.27912695327177445
472.312	0.27907886964320455
472.841	0.27968208797380617
473.373	0.27964776827032234
473.901	0.28003762033415036
474.439	0.2802790218984139
474.967	0.2805492090378367
475.496	0.2816943274409707
476.024	0.28138702081651257
476.555	0.2819940769934241
477.084	0.28187714328307345
477.616	0.282632831928216
478.143	0.28303437027688166
478.676	0.283690867513341
479.204	0.2834351092826314
479.735	0.284566036789297
480.262	0.283641356411358
480.794	0.28437322767835627
481.323	0.28498537136832847
481.855	0.2850026799615638
482.382	0.2851060046112787
482.914	0.28544671367810726
483.444	0.2860077881407428
483.975	0.2856400005621409
484.503	0.28615355031902706
485.033	0.2867021929762078
485.56	0.2867819491543961
486.092	0.2869714548890052
486.627	0.28786054785077403
487.159	0.28813093905840675
487.684	0.28878292568377056
488.213	0.2891140790150455
488.739	0.28951359811097516
489.27	0.289820166471663
489.799	0.289966016981947
490.33	0.28963465169155217
490.858	0.29082326676164316
491.39	0.2911456642040202
491.918	0.29092067005105565
492.451	0.29169313584078504
492.977	0.2918996239150899
493.508	0.2919899270854048
494.033	0.29186546927787266
494.565	0.29290741693635386
495.092	0.29258329897735963
495.624	0.29280101510152573
496.152	0.2930804105407052
496.684	0.29408598089461513
497.212	0.2941313125164793
497.744	0.2945778291519343
498.273	0.2947919424917702
498.804	0.2944240747523016
499.34	0.2946112793591381
499.873	0.29547478002617533
500.401	0.29590882164043497
500.932	0.2960437002934872
501.561	0.29607062458994227
502.092	0.2961276875956792
502.62	0.2974505500791913
503.151	0.2974511978620085
503.678	0.29769042213219976
504.21	0.2979364067518613
504.738	0.29820842574133744
505.271	0.2987602874645339
505.799	0.2993853785651667
506.332	0.2991734405941347
506.861	0.29955546451234105
507.395	0.2994781372408222
507.917	0.2996628086989571
508.442	0.3007155138044129
508.966	0.30066253703859336
509.49	0.300696002252874
510.017	0.3011545040986622
510.548	0.30143644515837437
511.077	0.3013667667508153
511.608	0.30199533274665447
512.136	0.30245628899298455
512.662	0.3025603720392949
513.186	0.3030208594845335
513.715	0.30290884523006845
514.242	0.3031378015736523
514.773	0.30390964181162833
515.301	0.30362292835412136
515.828	0.30456016035733807
516.355	0.3054366185806053
516.887	0.30571791482790445
517.412	0.3058654644308672
517.944	0.30537287180445416
518.472	0.305864127902981
519.003	0.30631938455188956
519.531	0.3063422027023935
520.157	0.3066045530209832
520.685	0.30744517148397693
521.215	0.30766960165832363
521.74	0.30787933851002947
522.268	0.3077004205043025
522.796	0.3080530089192031
523.328	0.30842586995548116
523.856	0.30899198721362486
524.387	0.3089119907098286
524.916	0.30918026701982587
525.447	0.3092612647370732
525.976	0.3092915047502062
526.508	0.31018122587133234
527.036	0.30997325674079795
527.568	0.31056432032044284
528.096	0.3108610009422161
528.627	0.31190409935142316
529.156	0.3113194673896713
529.69	0.3114159235581864
530.22	0.3123722579509127
530.751	0.31266544616859643
531.279	0.313228707955364
531.806	0.31316805239000567
532.333	0.31313310913904174
532.864	0.3136707089220791
533.393	0.31368135182957824
533.924	0.3141581222877189
534.453	0.3144126128808898
534.981	0.3145853795569769
535.511	0.3146388346345905
536.042	0.31572250808704627
536.572	0.31608544988402815
537.103	0.3157647175232372
537.629	0.3163069103278527
538.16	0.31691341922678473
538.691	0.31662222100544507
539.222	0.3174416370187057
539.751	0.3174976732855607
540.282	0.3174160884860921
540.811	0.31769613556280557
541.343	0.31832539352410516
541.871	0.3183884644769589
542.401	0.3186511000759711
542.927	0.3190833848725845
543.456	0.3203386074605961
543.984	0.3194599814304664
544.513	0.31932578465906647
545.041	0.3205002960168283
545.573	0.320278568258256
546.1	0.32055020893003305
546.632	0.3205505736267909
547.26	0.3212824695901063
547.792	0.32173079057541065
548.321	0.3221982825866788
548.853	0.32208090040106896
549.381	0.322799176449392
549.912	0.3232126186957177
550.441	0.3227336809372884
550.973	0.3232638434752884
551.498	0.3231924669815376
552.03	0.3240362538567738
552.555	0.3245989852501833
553.086	0.3237522511721968
553.614	0.32491822349522337
554.145	0.3252851339962291
554.671	0.32585162960622854
555.203	0.3264790598020334
555.73	0.3259149694730745
556.261	0.3266269365544908
556.79	0.32601006305039315
557.322	0.3268823581009223
557.849	0.32719110898279563
558.38	0.3272722721033422
558.905	0.3267682682019271
559.429	0.32759115003687606
559.957	0.3280445161831522
560.488	0.32775924812381274
561.013	0.32834894641485834
561.539	0.3282957267975825
562.067	0.3291136601938795
562.598	0.32981952179850627
563.126	0.33054840880882363
563.654	0.3298083645980803
564.182	0.330503438640551
564.804	0.3305488385211952
565.331	0.33082701851279644
565.864	0.3309712200268008
566.391	0.33134818324282905
566.924	0.33172267083505214
567.448	0.3313831522504803
567.978	0.3325107611494101
568.506	0.332534422694902
569.037	0.33309883643064464
569.564	0.33348946289102127
570.097	0.3334147808509349
570.626	0.3335598700035881
571.157	0.3336695112858519
571.683	0.33423669831372116
572.214	0.3348553910545392
572.743	0.33495516317965
573.271	0.3354902801093986
573.798	0.3352049804049377
574.331	0.3356789050786272
574.859	0.3361706670300474
575.39	0.33676318988873655
575.918	0.33661321472257705
576.45	0.3365139066885919
576.978	0.3367805197765786
577.508	0.33764563441265993
578.038	0.33768014965209364
578.569	0.3374424875883798
579.097	0.33830430230180575
579.629	0.33878954717361
580.155	0.33920768871562607
580.681	0.33840492303138103
581.208	0.339160059947242
581.739	0.33903090972298555
582.269	0.33952915694294344
582.801	0.3398010688896729
583.33	0.34026750592292454
583.858	0.3411696076290716
584.384	0.3405765172615643
584.915	0.3410736818395401
585.444	0.3412796637059879
585.973	0.3414549882198992
586.501	0.34190787715339593
587.037	0.34248864580285737
587.565	0.3427854892703166
588.097	0.3431676899694875
588.625	0.3430498224452187
589.157	0.3432519149086107
589.682	0.34393591112785343
590.215	0.3434046344805997
590.743	0.3441725323186669
591.275	0.3441020430888105
591.802	0.3448807695798223
592.335	0.3455733611974857
592.863	0.3453151672262698
593.497	0.3456747952193001
594.026	0.3455454440064345
594.557	0.3458641208862549
595.085	0.346506985924872
595.613	0.34624715128008193
596.14	0.34647802654142446
596.671	0.34690993631013045
597.2	0.3473685177817926
597.73	0.34761527107105333
598.26	0.34772926856202885
598.79	0.34825817874892656
599.319	0.3485246208366747
599.851	0.3488628229240417
600.377	0.34891385819172266
600.908	0.34887174024242346
601.436	0.34952123936894536
601.967	0.34971809308881946
602.492	0.3498740072036097
603.023	0.350624719958303
603.552	0.350712361816549
604.083	0.35107508214347033
604.61	0.3513783117814216
605.139	0.35144136361457473
605.665	0.35130505258356903
606.197	0.35198462156209853
606.726	0.35302629951855796
607.258	0.3527219766395837
607.786	0.3529274954681701
608.317	0.3533529745751495
608.846	0.3535686035762596
609.377	0.35370783442847875
609.905	0.3545616180492031
610.436	0.3543006976459439
610.964	0.35526340568718895
611.496	0.3548607069514169
612.025	0.3552878375608177
612.556	0.35533620077616174
613.084	0.35592731162611024
613.616	0.3553275092843784
614.142	0.3558540765204945
614.672	0.3560776258732097
615.196	0.3569744042750682
615.729	0.35698753971983227
616.257	0.35751949408365596
616.788	0.3579113475273175
617.317	0.35761140413846004
617.848	0.3576508129199997
618.376	0.35843316807965503
618.908	0.35874789788199735
619.434	0.3589253791022415
619.966	0.35940517636149133
620.493	0.3591316172281255
621.025	0.35906355374930116
621.642	0.35970523085497985
622.172	0.36028961556147177
622.7	0.3603267142106169
623.226	0.36014593121465077
623.754	0.3608237418638012
624.282	0.3610609759583103
624.811	0.3615068116352207
625.342	0.3612425297656192
625.87	0.36191237365433243
626.402	0.36194352524071677
626.931	0.3622486910106193
627.456	0.36286817903078344
627.984	0.36307627917467006
628.515	0.36350217744103047
629.042	0.3625513403799723
629.572	0.3630508681880556
630.101	0.3635700921326346
630.632	0.364543256407046
631.16	0.3650066587135392
631.692	0.3646936253379039
632.22	0.36510691555567587
632.753	0.36593302910912634
633.281	0.3662966566836481
633.815	0.3655366974560037
634.345	0.36604489837060267
634.876	0.3669558328264046
635.405	0.36644022450473074
635.936	0.3667821404770924
636.462	0.3670845183955827
636.992	0.3680894357963746
637.521	0.3678284363854481
638.053	0.3681994792180988
638.581	0.3687723323716801
639.113	0.3687630489559602
639.735	0.36953621407058374
640.267	0.36885672142682385
640.795	0.3697876359459284
641.327	0.36987802015947985
641.856	0.3702007725060947
642.388	0.3694954023277314
642.915	0.37039252425641334
643.446	0.37058924812706373
643.973	0.37146056596333377
644.506	0.370792259368181
645.033	0.3716322626334103
645.564	0.37192330291498843
646.092	0.3717504188444677
646.623	0.37271375456128164
647.151	0.37216052470537775
647.684	0.37246676522576144
648.212	0.37365208095120267
648.742	0.37314720031711757
649.271	0.373599088221906
649.802	0.3736881819605455
650.329	0.3739522734817777
650.858	0.3748944198244062
651.387	0.3743389253191829
651.918	0.3751379348245266
652.447	0.37480773435253345
652.979	0.3751641626851787
653.507	0.37568300599341653
654.038	0.3762680660322415
654.566	0.37577506124995097
655.098	0.37661863166768084
655.627	0.3771247619449773
656.159	0.3769987999687842
656.687	0.37814294910104673
657.219	0.3767483282156232
657.746	0.37845267603632304
658.277	0.3782815493066748
658.899	0.37851854355836395
659.43	0.37875020247887387
659.959	0.3786178656114056
660.49	0.37903175965314917
661.018	0.37969794517889466
661.549	0.37984626457034726
662.077	0.38014316605526
662.608	0.3801212018941914
663.136	0.38037069304499943
663.669	0.38016274642915976
664.198	0.3814712472359958
664.736	0.3811329500181664
665.262	0.38165179292612794
665.794	0.3818685082545484
666.323	0.3816084794183772
666.854	0.3824223391947291
667.383	0.3816811607114464
667.914	0.3822689051553386
668.443	0.3836432611617291
668.974	0.3828536498319821
669.502	0.3836375492225923
670.034	0.3844594843866829
670.563	0.3841925493147086
671.094	0.3841120287347571
671.623	0.38413199817316357
672.155	0.3843592682098468
672.683	0.38480722521691135
673.214	0.3856503878588229
673.742	0.38540356244148183
674.274	0.3854636420655303
674.802	0.38637566876770607
675.333	0.386089946505217
675.862	0.38621986465095937
676.394	0.38704528300943697
676.922	0.3864518158134231
677.453	0.38683875160208775
677.979	0.38739024341525286
678.511	0.38736015360841336
679.038	0.38742926371367153
679.571	0.38794325720254
680.099	0.3881145464242706
680.63	0.3883450903516093
681.158	0.3889822031657911
681.691	0.3886331342388906
682.22	0.3891003582366113
682.751	0.38971243380900966
683.278	0.39001410568104233
683.81	0.3898243283538408
684.337	0.3907481286846557
684.868	0.3905282829054205
685.394	0.39049524928919055
685.924	0.39062895667035785
686.453	0.3916852958150475
686.985	0.3913249213542776
687.513	0.3918464055954423
688.045	0.39190119815782376
688.574	0.39250802899632087
689.105	0.3932727909579586
689.633	0.39244172887468065
690.164	0.39285496680988624
690.692	0.3934810915770612
691.224	0.39358293075402623
691.752	0.39395405143856527
692.284	0.39354786363767547
692.811	0.3946290949918804
693.344	0.39474888872677455
693.872	0.39479144775700004
694.404	0.3951038240593443
694.932	0.39516650235386336
695.463	0.395420055818234
695.992	0.395502447293181
696.523	0.397022428000096
697.051	0.39641330214796905
697.583	0.3964861138723015
698.111	0.3973303673910536
698.643	0.3970876838452976
699.172	0.3978827269822625
699.699	0.3978024815129689
700.225	0.3979892840986982
700.764	0.3978886162917584
701.292	0.3981887481646125
701.824	0.39846770057137465
702.352	0.39914780977945324
702.884	0.39909065244692443
703.411	0.39871072189881884
703.94	0.3994819256698367
704.467	0.39927343702512696
704.998	0.39941705240137854
705.527	0.400513721786216
706.058	0.40053724559289755
706.587	0.4009552947173793
707.118	0.40135494459984405
707.646	0.4014733051052195
708.177	0.4009873198371178
708.705	0.4017158569754807
709.237	0.4021668644753251
709.766	0.4027752952486004
710.297	0.40249624326948763
710.825	0.4032895279139361
711.357	0.4024348877382632
711.885	0.4029498909237276
712.417	0.4037892181069705
712.944	0.4037518770276114
713.484	0.4046325845964368
714.012	0.40400365306986624
714.544	0.4047408383142169
715.071	0.4045686604166899
715.603	0.4050041194230784
716.132	0.40547916710877396
716.663	0.4059028052840867
717.192	0.4050837370817037
717.722	0.405973228396544
718.249	0.40651477969304955
718.775	0.40615476485873947
719.299	0.4069874108921071
719.823	0.40708775018488885
720.35	0.40756955376065784
720.88	0.4070416055896718
721.407	0.4073769356068242
721.933	0.40744984097473286
722.46	0.40825901948371013
723.086	0.40839445646747213
723.611	0.40843512429383955
724.142	0.40892752979239255
724.667	0.40960895200246195
725.2	0.4091803846228104
725.729	0.4100127834467562
726.26	0.4094732629666493
726.789	0.4103734090084538
727.319	0.40968786970327514
727.848	0.4107759317904124
728.38	0.4106499021492543
728.906	0.41039971982048395
729.439	0.4108861314617504
729.967	0.4112291480610199
730.498	0.41206564296380266
731.026	0.41231262878559477
731.558	0.4123425742985376
732.086	0.4126101041547942
732.618	0.4125852965291504
733.146	0.4132010148108515
733.677	0.4131382576908247
734.206	0.4129360410902301
734.733	0.41392058450087643
735.259	0.41345296092924483
735.791	0.4138270259954098
736.319	0.4139718240132045
736.852	0.41463727684130225
737.379	0.4145026353911472
737.908	0.4145874791171685
738.436	0.41457988234255677
738.968	0.41581495949576475
739.493	0.41542948113198097
740.025	0.4159862385934615
740.552	0.41629740179271646
741.085	0.41680506869348455
741.612	0.41611344369586295
742.144	0.41667415796935336
742.762	0.41739136441176866
743.293	0.4174630742451494
743.821	0.41776822514638645
744.353	0.41807567059517464
744.881	0.4183339825072192
745.42	0.41834352078350284
745.948	0.41856102620348984
746.581	0.4189125828067281
747.206	0.41900981846796814
747.737	0.41974808703060595
748.267	0.41943926756037225
748.798	0.4202059897752876
749.325	0.41967673530584365
749.859	0.42081614902635955
750.386	0.420688944703181
750.917	0.42157229771356397
751.446	0.42131435589621125
751.978	0.42166053254212094
752.505	0.4215257627167141
753.036	0.4225703097036781
753.565	0.4217419614199526
754.096	0.42299708990674834
754.624	0.42254966366565627
755.157	0.4226141892289456
755.684	0.42239995236301714
756.213	0.42355312989852617
756.741	0.42267558115376325
757.274	0.4234554708467841
757.799	0.4229860812855446
758.331	0.4246578724963729
758.858	0.42417497831520995
759.386	0.4240683037075204
759.915	0.424269845013561
760.446	0.4249018860456184
760.975	0.42554026084057384
761.506	0.42579020023824254
762.034	0.42545715724635574
762.567	0.4258804440945091
763.096	0.4259685447228035
763.627	0.42623115046167576
764.157	0.42698092852741
764.688	0.4270256962991478
765.215	0.42703925283610933
765.746	0.4276285662444601
766.274	0.4278914916868725
766.806	0.42840587903987287
767.334	0.42810924690253965
767.867	0.4283838283565031
768.395	0.42827108937310215
768.923	0.428992562057628
769.45	0.42895657278602395
769.982	0.4290524132643831
770.51	0.42901896848958837
771.041	0.4302143557690362
771.57	0.4299645125022735
772.103	0.430737012789682
772.631	0.43081823555022347
773.162	0.4306215415996131
773.69	0.4307561098424893
774.221	0.4315651545053841
774.749	0.4311882945892623
775.281	0.43197417157341783
775.809	0.4313542179339232
776.337	0.4326951520772666
776.864	0.43218621549081165
777.396	0.43285677141678347
777.924	0.4326059347367385
778.456	0.4329684381755349
778.984	0.43277391871718224
779.515	0.43374637072902317
780.044	0.43337728805304837
780.576	0.43465409189673954
781.102	0.43414435456294415
781.634	0.4343269403380865
782.162	0.4347938915838166
782.693	0.43527582819920485
783.221	0.4347459812452264
783.754	0.43581901872274736
784.283	0.43624865934773777
784.814	0.43651049198007824
785.342	0.43646083154921805
785.873	0.43699126863859994
786.4	0.4362396298999689
786.93	0.4367433134122781
787.458	0.43706163724421265
787.99	0.4372224466729724
788.517	0.43740456973300434
789.049	0.4378414311097785
789.577	0.43776260583094745
790.11	0.4384057648249134
790.638	0.43816722345513176
791.17	0.43872469733081687
791.698	0.4384498564617515
792.23	0.43968140986579374
792.759	0.43981426436807
793.29	0.4401294174683303
793.819	0.43952071508714646
794.35	0.4399082761302888
794.879	0.44117901926207304
795.41	0.4408857171695295
795.938	0.4407557965731941
796.468	0.44083200808256373
796.993	0.44146340464091205
797.524	0.44186972196212215
798.052	0.44217797508679696
798.579	0.44196893076542615
799.107	0.442692511225291
799.637	0.44295416718701824
800.166	0.4433146655549177
800.697	0.4429937535257444
801.226	0.4439561484065518
801.757	0.4436590236460467
802.285	0.4442533752407226
802.91	0.443187843124046
803.439	0.4445652761415881
803.972	0.4442295664970612
804.501	0.4440669005364476
805.126	0.4451913336215448
805.652	0.44479372095091285
806.184	0.4448556426646109
806.713	0.44595162022600543
807.243	0.44494746796360146
807.769	0.44634731805493727
808.299	0.4464547770848294
808.827	0.44607838076517503
809.359	0.4462803759810321
809.888	0.4468753338492239
810.416	0.4464179001786972
810.943	0.44748152440783867
811.474	0.4479353083083061
812.002	0.44759034666234765
812.534	0.4475273948375003
813.063	0.4480087157671713
813.595	0.44877002753620976
814.123	0.44851669921690085
814.655	0.44956296893676595
815.181	0.44907405827773267
815.712	0.44951138570382876
816.241	0.4501345565646022
816.773	0.4502331962626565
817.3	0.4505357960333684
817.832	0.4507285568697572
818.358	0.4509897895582402
818.89	0.4504782054558503
819.417	0.45113145021150286
819.949	0.45107338774542605
820.476	0.45127433213992985
821.008	0.45156683860485136
821.537	0.4523774641298837
822.068	0.45183946527397084
822.6	0.45286649032633075
823.131	0.45257531889762215
823.66	0.4530787452758372
824.192	0.4531499924432027
824.72	0.45363493971318636
825.249	0.4541344211448943
825.777	0.45406046745114165
826.309	0.4542422852294565
826.837	0.45407312249406506
827.369	0.4545415528505942
827.897	0.45429554225819857
828.426	0.4547240774820721
828.952	0.4555850778336152
829.484	0.45535064743647674
830.012	0.4559598056281138
830.544	0.45551523467142163
831.072	0.4562582018657083
831.605	0.4562722588862371
832.133	0.4567490976531182
832.664	0.4574253250562418
833.192	0.4569393832824648
833.723	0.45701983012805497
834.252	0.458402487375668
834.784	0.45737032317365106
835.313	0.4582362281346517
835.844	0.4581485334657075
836.374	0.4584368875304827
836.905	0.45866665907556925
837.433	0.4592746588268458
837.965	0.4594867600047795
838.494	0.4598179017848049
839.026	0.4601249866104951
839.553	0.4603921470614989
840.085	0.45995152716632437
840.614	0.4603535085650272
841.146	0.4600590657391701
841.675	0.460623641259811
842.207	0.46065631799232626
842.735	0.4611295945049103
843.262	0.46113993163776956
843.789	0.4620322497801499
844.321	0.460843379469364
844.848	0.46218021988181124
845.38	0.4631000111364693
845.908	0.46226475827022795
846.442	0.462640610552389
846.971	0.4623912677700278
847.501	0.4628556743217392
848.029	0.462973284329148
848.648	0.46367424672932245
849.177	0.464469522250262
849.708	0.4638868832292333
850.236	0.4645366657111554
850.768	0.46493344011986004
851.296	0.46490991007364885
851.827	0.46580373769024264
852.356	0.46588830697666167
852.887	0.46608616805407177
853.412	0.4656074717109299
853.942	0.46660233977986354
854.468	0.4663296499427359
854.999	0.46602288848761086
855.625	0.46736705133471984
856.157	0.4666045372957056
856.686	0.4674990468580624
857.217	0.4676908369574133
857.746	0.46814928051236565
858.277	0.46861457350160285
858.805	0.4679706872128257
859.336	0.4687105457001699
859.865	0.4691426761155761
860.399	0.46876983678645157
860.927	0.4687988017747651
861.46	0.4701731298008867
861.988	0.46938693596032643
862.519	0.4699563734092272
863.047	0.47055590263152897
863.58	0.47074606313534645
864.107	0.47043225613604855
864.636	0.4709969546399094
865.163	0.47151105738565074
865.695	0.4718892001700092
866.225	0.47236500046317653
866.756	0.4714924953083263
867.282	0.4718762136924746
867.813	0.4720806732790181
868.342	0.4727004895738142
868.873	0.47263864223387514
869.402	0.4726212315861027
869.934	0.4729678598356882
870.462	0.47380188259570455
870.994	0.4739170395336418
871.523	0.47368868432454336
872.054	0.473775392829636
872.584	0.47399818253694587
873.115	0.4741882824896293
873.643	0.4747893864914262
874.174	0.4752597487136517
874.7	0.47482180016219205
875.231	0.4745951092422409
875.756	0.4762969827373456
876.28	0.4754783868634254
876.808	0.47593219979726703
877.339	0.47667371103492023
877.866	0.47586227622639904
878.398	0.476586290111182
878.926	0.4763555098562699
879.457	0.47628150495101296
879.985	0.4774873204491316
880.516	0.4777020506879812
881.045	0.47806269089456277
881.575	0.47797898499364233
882.103	0.47847930043591286
882.634	0.47867443973720813
883.163	0.47900002565584543
883.695	0.4787339616378207
884.222	0.4790504264805492
884.754	0.4783292043472381
885.282	0.4788740894410871
885.814	0.4787186259072566
886.343	0.47982550536948615
886.874	0.47936526046112854
887.402	0.480168517608298
887.933	0.48090527641919517
888.461	0.48068196034256716
888.992	0.4806267677496065
889.518	0.4809932912323278
890.049	0.480888306479912
890.578	0.4818916971286323
891.109	0.48182483727963815
891.637	0.4824907606473251
892.169	0.48272827030467225
892.697	0.48280604820491174
893.229	0.4824277483612055
893.759	0.48315443647466155
894.291	0.4826829222587341
894.819	0.483360416024552
895.35	0.483427775144549
895.878	0.484046700957511
896.409	0.48441870539286536
897.027	0.4852439117407095
897.559	0.4845560168747389
898.087	0.48445386642164356
898.618	0.48452205712706775
899.147	0.48491862297231414
899.678	0.48497693881016857
900.205	0.4845979877144576
900.735	0.486459243283139
901.36	0.48676449719477977
901.893	0.486176000260133
902.422	0.4854492400931953
902.953	0.48693009395796455
903.481	0.48712240611615626
904.013	0.4874670313043063
904.541	0.4869359271560253
905.078	0.4876150091224286
905.603	0.4883653627608459
906.13	0.48849529649212486
906.655	0.48808440310620355
907.292	0.4884681008894665
