##################################################
# DATA EXPORT AND TRANSFORMATION REPORT
#
# Original File: 11.xlsx
# Experiment Start Date/Time: 2025-06-27 14:01:49
# Processing Date: 2025-07-23 12:59:47.963748
#
# Operations Performed:
# - Column 1 (Time): Read from Excel Column B (milliseconds), divided by 1000.
# - Column 2 (Absorbance): Read from Excel Column C, comma decimal converted to dot decimal.
##################################################

Time (s)	UA
11.792	0.08467296474972573
12.433	0.08469041173780197
12.96	0.08505497698624542
13.487	0.0848550246206958
14.019	0.08492607176629642
14.633	0.08472443031867728
15.165	0.08505552221004797
15.693	0.08534128354201298
16.219	0.08518592062864176
16.744	0.08516857820060549
17.277	0.08497820027948011
17.804	0.08513353913234702
18.337	0.08454898548681276
18.863	0.08508191976821651
19.394	0.08540318377806058
19.926	0.0854163240946883
20.465	0.08523989375720348
21.085	0.08558572530405109
21.618	0.08550515649716484
22.145	0.08558321367527744
22.676	0.08484116934920345
23.205	0.0855297567230075
23.737	0.08502283443070899
24.266	0.08536696411089659
24.796	0.085360599465422
25.324	0.08608012055275815
25.855	0.08551181734713109
26.384	0.08570409016003151
26.917	0.0855434321882803
27.445	0.08530986511440579
27.977	0.08542013701731918
28.506	0.08573492701163198
29.037	0.0855652532904342
29.567	0.08567223417662537
30.099	0.08559859681738133
30.627	0.0852856815234605
31.159	0.08576185224896639
31.782	0.08600215424743785
32.314	0.08575824480093225
32.843	0.08581037899260271
33.375	0.0859641202768949
33.903	0.08641797007684023
34.435	0.08597782544015174
34.963	0.08601048560607313
35.496	0.08660979642168627
36.025	0.08636989836421659
36.557	0.08624107351515452
37.085	0.08591713765317244
37.617	0.08604016391544464
38.143	0.08623140081954324
38.674	0.08630427736694848
39.202	0.0865239786901444
39.734	0.08592623408591572
40.279	0.08624364659992195
40.914	0.0855552898095783
41.44	0.08658519971707415
41.972	0.08620329809176658
42.5	0.08658777590758085
43.032	0.08695522517334194
43.562	0.08683239361782268
44.095	0.08655828764263278
44.623	0.0869001398727483
45.154	0.08661070600856141
45.684	0.08644870824049966
46.216	0.08659180539895432
46.744	0.08652909343982274
47.276	0.08663819871930242
47.804	0.08632184568814369
48.336	0.08661011823136802
48.864	0.08680862210780001
49.396	0.08690350498881971
49.924	0.08658732730600908
50.455	0.08701380039651237
50.982	0.08702323602329144
51.513	0.08653171934394094
52.039	0.08672511285181615
52.568	0.08704109045177905
53.097	0.0867324669227502
53.629	0.08734481738826005
54.156	0.08669053584151468
54.689	0.0873074532816762
55.217	0.0864653124042155
55.748	0.08694922727963701
56.278	0.0870579189563048
56.811	0.08721478072183524
57.339	0.08652090685075911
57.87	0.08729985482637463
58.402	0.08741548447542431
58.933	0.08662126528932151
59.459	0.0871440500958293
59.997	0.08721418133974178
60.615	0.08693349168660727
61.147	0.08666649055713409
61.676	0.08677073021999204
62.208	0.08694002231533852
62.734	0.08711275150742183
63.266	0.08720628036500835
63.793	0.08731275906169411
64.325	0.0872749228964056
64.854	0.08701550608215021
65.383	0.08699842984567312
65.912	0.0869157357579972
66.543	0.08758312606577147
67.071	0.08685269118445005
67.604	0.08685726025880053
68.132	0.08671397286325329
68.663	0.08670819151154403
69.192	0.08702081331317202
69.723	0.08689236249012393
70.252	0.0866656476859523
70.784	0.08706167527377452
71.313	0.08653153283472802
71.84	0.08672293293362296
72.366	0.0866431715350896
72.898	0.08688301216607239
73.427	0.08659646174829196
73.959	0.08651020899194964
74.582	0.08700266763169316
75.114	0.08713935759478517
75.642	0.08693645433793526
76.173	0.08698347908117697
76.702	0.0867880136693961
77.233	0.08685618371174236
77.761	0.08651000232581806
78.293	0.08696775086333673
78.822	0.08669329395873153
79.354	0.08668106940094232
79.881	0.08662236014140888
80.42	0.08697181151477973
81.041	0.08671703754376282
81.67	0.08663344580529356
82.196	0.0869420045630362
82.728	0.08656791306923439
83.253	0.08753461396829937
83.783	0.08752641712244469
84.312	0.08660765272573297
84.844	0.08704955411808758
85.372	0.08679055115945815
85.904	0.08716231165620003
86.432	0.08732940916448861
86.963	0.08710364968996927
87.492	0.08683869772585062
88.023	0.08699467252017785
88.551	0.08732344728468389
89.082	0.08679297359534394
89.61	0.08728843972144802
90.141	0.08731712722665602
90.669	0.0868453152903785
91.201	0.08698006734524236
91.728	0.08673254488874915
92.26	0.0872267474379405
92.789	0.08706444824768507
93.32	0.08756650065239267
93.846	0.08730125773625763
94.378	0.08700481403947327
94.906	0.08715802650516104
95.435	0.08721135597608196
95.963	0.08724332700850056
96.494	0.08765990518595879
97.022	0.08755986571944596
97.553	0.08777563023784127
98.08	0.08730531255161804
98.612	0.08742893018986657
99.141	0.08722023984760191
99.673	0.08742155591730486
100.219	0.08759636903793949
100.859	0.08746303722700921
101.386	0.08749759711018283
101.918	0.08792645078994495
102.447	0.08746597855089472
102.974	0.08779426265745711
103.501	0.087259546219661
104.032	0.0874869863405614
104.559	0.08763325490330781
105.091	0.08739550522837085
105.619	0.08753322896296607
106.151	0.0876580163342696
106.68	0.08775329969912662
107.212	0.08773870061929327
107.739	0.08756759468149605
108.273	0.08752418942348589
108.801	0.08762362668177126
109.332	0.08729943636149037
109.861	0.0873622678681718
110.393	0.0877268485714982
110.918	0.08761910838065622
111.442	0.08776222163925307
111.969	0.08773556969546166
112.5	0.08767533849772251
113.027	0.08804812755484369
113.559	0.08776724978863609
114.088	0.08796438372346103
114.619	0.0883178960931388
115.147	0.08812567635972823
115.68	0.08775810799123712
116.207	0.0877296483475127
116.739	0.0878897772685791
117.267	0.08800187259116463
117.796	0.0875775758446356
118.324	0.08772387120394425
118.851	0.08803104779577159
119.378	0.08810354727713669
119.91	0.08783872465951392
120.483	0.08795023831150335
121.107	0.08847885829345278
121.636	0.08857987231407151
122.168	0.08800832636026519
122.696	0.08862961742130561
123.227	0.08812292641907371
123.751	0.08835134478259433
124.282	0.08827107589004976
124.811	0.0882042184356754
125.343	0.08820512914403336
125.871	0.08813762989750863
126.402	0.087986811755777
126.93	0.08780783363839635
127.462	0.08827890159772188
127.99	0.08810770470558056
128.522	0.08802640346943512
129.049	0.08901727825658598
129.582	0.08873938573137771
130.11	0.08804168673612775
130.637	0.08865125404341095
131.165	0.08886577651474405
131.696	0.08835532260391037
132.224	0.0878208850959483
132.755	0.0886795521419268
133.283	0.08847235754086963
133.814	0.0889394435618282
134.434	0.08870534903781128
134.966	0.08864114258741115
135.495	0.08921337196971064
136.027	0.08887169541791766
136.555	0.08899769915467055
137.086	0.0892135249747653
137.615	0.08865025871956458
138.146	0.08878178332704831
138.675	0.08834854021209608
139.206	0.0890242620290026
139.734	0.08898014073272056
140.281	0.08866907413866332
140.902	0.08877770048746089
141.438	0.08849337630723884
142.066	0.08812194050208709
142.597	0.08849856531181256
143.125	0.08932990101790508
143.657	0.08858933908110427
144.185	0.08889641623468089
144.716	0.08844279390121329
145.244	0.08858112731042335
145.777	0.08831227200569654
146.304	0.08850196307028273
146.837	0.08804313193489853
147.365	0.08846073203111855
147.897	0.08849842894832642
148.425	0.08886974918961925
148.957	0.08820963478292267
149.483	0.08875639606792651
150.013	0.08862079428901395
150.542	0.08840019358732243
151.074	0.0885080290243221
151.603	0.08879089028033452
152.134	0.08883248854381909
152.661	0.08878198633427824
153.194	0.08861570954393819
153.718	0.08882847516184876
154.249	0.08848551094251547
154.777	0.08889145244964278
155.31	0.08867181226989491
155.838	0.08808829878286875
156.37	0.08867128187622972
156.898	0.08867005315629224
157.429	0.08859598961328491
158.064	0.08814722566296984
158.593	0.08830846931404773
159.121	0.08853814663463014
159.648	0.08829619310522797
160.191	0.08859803954545119
160.819	0.08878877561893361
161.345	0.0881837361301462
161.876	0.08848053363824858
162.406	0.08820259799483919
162.937	0.08846429687065432
163.465	0.08860875056098318
163.996	0.0885722905192037
164.525	0.08796748808905674
165.058	0.08828453924411744
165.585	0.0886366426092674
166.118	0.08831900092218482
166.647	0.08818795944311691
167.179	0.08838406205365866
167.706	0.08862792201523376
168.241	0.08851018994893474
168.769	0.08863773152922928
169.299	0.08870625258757603
169.828	0.08866639059590715
170.36	0.08868845365584695
170.889	0.0887341712126321
171.42	0.08891234275010672
171.949	0.08916197440336537
172.48	0.08860377525944109
173.009	0.08837491489167186
173.54	0.08863223198345785
174.067	0.08862319438949036
174.6	0.08929107258055267
175.128	0.0892150416728201
175.659	0.08881933494468927
176.186	0.08851919753879546
176.717	0.08841589051737733
177.245	0.08842852692517077
177.776	0.08874854157958331
178.305	0.08818695395180402
178.836	0.08800151806459561
179.364	0.08856749963983328
179.891	0.0883382362958937
180.434	0.08857407033726637
181.07	0.0886004799664662
181.598	0.08818633429816788
182.129	0.08874749551764637
182.657	0.08829744629138017
183.189	0.08868728432517468
183.717	0.0884757686433022
184.248	0.08826893659522979
184.777	0.08849252913125291
185.308	0.08825425104884209
185.838	0.08876289301551471
186.369	0.08855272374678756
186.897	0.0886398624323656
187.428	0.08846800928658467
187.954	0.08820717634703541
188.485	0.08833693215751362
189.011	0.08837289640163505
189.543	0.08866291781893505
190.071	0.08828130652673598
190.603	0.08822206347812424
191.131	0.08871659299867583
191.662	0.08838629918648665
192.19	0.08830123815256086
192.721	0.08875847265536425
193.249	0.08862011546734916
193.782	0.08808906604438506
194.311	0.08840245606236115
194.842	0.0884563482709549
195.371	0.08858983072672252
195.899	0.08870442390522836
196.426	0.0886618029737079
196.954	0.08884761173161777
197.481	0.08853126307498774
198.013	0.08872493198763398
198.541	0.08863974775539353
199.073	0.08819039265551659
199.601	0.08837593874730566
200.144	0.08837654074496715
200.775	0.08833480856226517
201.306	0.08865651181132443
201.834	0.08863762424505209
202.367	0.08814532724618179
202.894	0.08818768190657236
203.426	0.08850015837501012
203.955	0.08903874952336559
204.486	0.08887580173897068
205.014	0.08831287488969145
205.546	0.08878334634840139
206.074	0.08850255504071461
206.606	0.08867840896642595
207.134	0.08777196849889093
207.666	0.08807057377877046
208.195	0.08843497806207166
208.726	0.08887975361795851
209.255	0.08823188458835735
209.787	0.08848357583894906
210.314	0.0880531471616588
210.845	0.08874942878461589
211.374	0.08868426332755046
211.905	0.08886554045721622
212.433	0.08859977229125983
212.966	0.0884192131662042
213.493	0.08855135136329556
214.026	0.08859039443437809
214.552	0.08832741970676919
215.083	0.08881460515055781
215.613	0.08849230555455802
216.144	0.08862984815431184
216.672	0.0885925987807841
217.204	0.08869787043130936
217.734	0.08847908292113742
218.265	0.08889406613742591
218.793	0.08840969505383081
219.325	0.08821561325356118
219.854	0.08867524013320541
220.402	0.08883967389360233
221.027	0.08829436307274417
221.558	0.0882944588350007
222.087	0.08884307134021205
222.615	0.08832343388010522
223.142	0.08852393360996898
223.674	0.08925075358701692
224.202	0.08853871775625506
224.746	0.0887246333641984
225.274	0.08834236231974806
225.801	0.08865880341935047
226.33	0.08805999008374074
226.862	0.08850394323464641
227.39	0.08827639795973488
227.921	0.08887559654881415
228.45	0.08843007848188997
228.981	0.08821709273196562
229.507	0.0878965565809482
230.039	0.08854560168801291
230.568	0.08866549499341547
231.099	0.08791686558835339
231.627	0.0880347500457693
232.159	0.08831593752270407
232.687	0.08880769049059016
233.219	0.08811855815982136
233.746	0.08843581458033219
234.279	0.08848712104947172
234.809	0.08831286484724092
235.342	0.08846742628134661
235.869	0.0879690614537088
236.4	0.08794919472015504
236.93	0.0881928011210534
237.461	0.08843394317669594
237.988	0.08884134451547443
238.521	0.08848969185947138
239.047	0.08817318735516878
239.579	0.08842153883758538
240.117	0.08804906241683744
240.75	0.08832575299082804
241.278	0.08797100478414539
241.811	0.08834612244278764
242.338	0.0881431253092624
242.871	0.0879193939408541
243.399	0.08824904781937729
243.93	0.08854852116025383
244.459	0.08818602344379649
244.99	0.08819789814188296
245.518	0.08875485188851504
246.05	0.08802814940022982
246.578	0.08818318853486298
247.109	0.08820266110884313
247.638	0.08813157084295184
248.17	0.08838756670367345
248.698	0.08817897830164215
249.225	0.08806132013462963
249.753	0.08826090181190456
250.285	0.08796498481812154
250.813	0.0890636101988124
251.345	0.08918429108630427
251.874	0.08891660012085523
252.399	0.08870640495791508
252.923	0.08834606968493695
253.447	0.08871219747053913
253.973	0.0887044436357082
254.501	0.08877033332498678
255.025	0.08883400371284689
255.549	0.08807534275078188
256.074	0.08835833469154251
256.601	0.08817685624536398
257.128	0.08828197108361711
257.66	0.08823672731800147
258.187	0.08893782126737766
258.719	0.08821747752982828
259.247	0.08864186697715087
259.778	0.08903826998110334
260.31	0.08870255700489713
260.943	0.08930050817832712
261.47	0.08906950846545132
262.004	0.08857334099813453
262.535	0.0880520823735855
263.067	0.08850020438619588
263.596	0.0882798321201398
264.123	0.08940683996635784
264.65	0.05606935207515055
265.177	-0.032470160028048145
265.705	-0.03197478701204744
266.236	-0.03174260779158779
266.764	-0.032199664903004035
267.295	-0.031640204364731334
267.823	-0.03224687114717676
268.448	-0.032091967407789045
268.973	-0.03179600111022509
269.504	-0.032533190361713184
270.032	-0.0321148521972747
270.662	-0.031978836689450583
271.19	-0.03236824301552257
271.722	-0.03193506312371468
272.251	-0.032219308216306565
272.782	-0.03194949374943173
273.311	-0.03173689488133838
273.843	-0.03234682606358964
274.371	-0.03260480660113072
274.903	-0.03218543708128785
275.432	-0.03240070121190176
275.964	-0.031912491592409976
276.492	-0.032110932064511793
277.022	-0.03209424853488215
277.549	-0.03215209820209214
278.08	-0.032548889557283286
278.61	-0.032169314888075756
279.141	-0.03234432742062339
279.669	-0.03223379660072963
280.212	-0.03214408799176348
280.839	-0.031664730823059394
281.372	-0.032247214566606654
281.898	-0.032161741164468204
282.43	-0.03211085830534834
282.957	-0.0321246644551777
283.488	-0.03256325113885909
284.016	-0.03253400694036061
284.548	-0.03191189717999072
285.075	-0.03230571647575668
285.609	-0.032426157063835004
286.137	-0.03238824849357926
286.666	-0.032403834030283525
287.191	-0.03212983928161722
287.722	-0.03253134555746615
288.251	-0.032080182799559716
288.782	0.1746965663323292
289.311	0.09372948878966725
289.845	0.09644579912266456
290.373	0.09256878432254644
290.905	0.08671153666476242
291.432	0.0823443333021174
291.963	0.08188034261064144
292.492	0.08138461670679915
293.023	0.07935379907043266
293.552	0.07845756320525
294.083	0.07841677055871557
294.612	0.07844169334061962
295.143	0.07834012832276595
295.672	0.07904614940693128
296.204	0.07938978287535554
296.731	0.07894792275589213
297.262	0.07909617549612727
297.791	0.0793819594777865
298.324	0.08001343360766525
298.852	0.0795894688896222
299.383	0.07876495807791435
299.908	0.07849109470534225
300.452	0.07810838294458777
301.084	0.07738380206014223
301.616	0.0768131248013315
302.144	0.07658916744196657
302.675	0.07657065614279651
303.202	0.07669241721759579
303.734	0.07608019716266429
304.263	0.07614057514218718
304.794	0.07649815297106316
305.323	0.07724521445418275
305.853	0.07700561729173538
306.379	0.07711632120732144
306.909	0.07716283430300429
307.438	0.07718699202126618
307.97	0.077179574296737
308.499	0.07671794282526263
309.03	0.07740555179463966
309.557	0.07725329372931972
310.084	0.07708090091667014
310.613	0.0773321718971218
311.143	0.0775298004815232
311.671	0.0770597839969888
312.203	0.07729858035135258
312.732	0.07691272342679
313.263	0.0769445086522989
313.792	0.0767708553910692
314.324	0.0775179474663339
314.853	0.07691221034646822
315.384	0.07702322584113122
315.911	0.07705791060871674
316.44	0.07678613829556429
316.963	0.07767063443566585
317.494	0.0775653257319111
318.022	0.07759630651037995
318.554	0.07752221005053177
319.082	0.0774666971448808
319.613	0.07737790222785923
320.156	0.07731565850586779
320.788	0.07746637548633947
321.317	0.07734767050908573
321.849	0.07749440781993787
322.376	0.07789542377745066
322.908	0.07754772200860052
323.435	0.07785239273655128
323.969	0.07734677578238967
324.496	0.07685752413518078
325.027	0.07670341805633499
325.555	0.07625007284884311
326.087	0.07589753341223449
326.614	0.07675094838874677
327.147	0.07645190457834751
327.675	0.07655186105104106
328.206	0.07710170917666082
328.732	0.07710537055787128
329.363	0.0759387932373242
329.891	0.07684880211197456
330.422	0.07620980480856536
330.95	0.07594584208650289
331.483	0.0764860421257222
332.01	0.07649780326546209
332.541	0.07647982477301023
333.07	0.07683011890469713
333.602	0.07621207133325925
334.13	0.075548518087436
334.66	0.07552834319976036
335.19	0.07589296201492066
335.722	0.07611305386406461
336.25	0.07589209154338496
336.781	0.07532924940204347
337.309	0.07507736241267675
337.841	0.07525044398489511
338.37	0.07519001152706145
338.901	0.07481616579041817
339.429	0.07565325965970454
339.961	0.07626332018606419
340.506	0.07588781255737324
341.146	0.07513584727187418
341.675	0.0756303944015771
342.203	0.07533451669846232
342.73	0.07578143124881849
343.262	0.07572863565038769
343.789	0.07629089945158594
344.322	0.07598462542088862
344.85	0.07543312893167367
345.382	0.07562275545763132
345.91	0.07525887949946998
346.442	0.07559341575655429
346.971	0.07559966811248933
347.502	0.07552885177434819
348.03	0.07568897827849742
348.563	0.07539141498612299
349.09	0.07543150481539536
349.622	0.07552422816561515
350.147	0.07554903940349676
350.677	0.07521053651662732
351.206	0.07527764157464731
351.732	0.07532697506721654
352.26	0.07504932273361704
352.792	0.07538711427157688
353.32	0.07512059561530222
353.851	0.07475650904912713
354.379	0.074576990773621
354.911	0.07488367844438279
355.439	0.07491526797891158
355.971	0.07493616477786987
356.5	0.07479052481325567
357.027	0.07504019006730785
357.555	0.07486176510988914
358.087	0.07459297765792161
358.615	0.0752598328062534
359.146	0.0750783752193298
359.675	0.07483408643681215
360.226	0.07536893412168907
360.866	0.07513442848642118
361.398	0.07522957258148455
361.926	0.07475251711990426
362.457	0.07504656555652182
362.986	0.07528644518466493
363.518	0.07480661569875463
364.146	0.07434684962901465
364.676	0.0749137117901912
365.203	0.07524718575283364
365.734	0.07535814324000836
366.263	0.07514681050794593
366.793	0.07488605405194039
367.322	0.07488926214538558
367.854	0.07476081061718123
368.381	0.07513488544011368
368.908	0.07509285099653985
369.435	0.07526338143408913
369.967	0.0751810440333106
370.495	0.07492873852391686
371.027	0.07536819674944689
371.555	0.07578733456017991
372.088	0.0753594660167744
372.615	0.07523830332465134
373.147	0.07514587485353476
373.675	0.07574430765651081
374.203	0.07495889803988028
374.732	0.07590188922754562
375.263	0.07563892976061626
375.791	0.07519836690360496
376.324	0.07558116941056486
376.852	0.07586100255844602
377.383	0.07620692985979477
378.025	0.0755137891738106
378.556	0.07585510699382199
379.084	0.07607766160798153
379.616	0.07594402052855963
380.161	0.0757587654963109
380.812	0.07615772262083743
381.34	0.07607772375826083
381.871	0.0760274642330904
382.4	0.07608098563815206
382.931	0.07610801367633387
383.459	0.0768418792277092
383.985	0.07655775208832505
384.51	0.07702986057006513
385.041	0.07712767747333811
385.569	0.07740724983728482
386.095	0.07663524461676875
386.619	0.07725453258649881
387.146	0.07714618612548224
387.675	0.0772945454119886
388.206	0.07756379340295216
388.735	0.07756608211621899
389.266	0.07746893027452859
389.794	0.07701258418810254
390.325	0.07776414847843233
390.853	0.07740112161781292
391.384	0.07730635794330684
391.914	0.07747120659496147
392.446	0.07735102825436024
392.973	0.0773137553647767
393.505	0.07675576686765011
394.033	0.07740348628673503
394.564	0.07764908579650699
395.092	0.07746633141731317
395.623	0.07771788951857347
396.151	0.0780119067914406
396.682	0.07850261977819784
397.211	0.07786943201541943
397.742	0.07802711503979953
398.277	0.07836023616096986
398.905	0.07877453290232564
399.433	0.07882334944377366
399.965	0.07856475060283867
400.49	0.07859125785747623
401.022	0.07875567274872651
401.55	0.07819485729654616
402.082	0.07846017305810027
402.608	0.07842286978015812
403.141	0.07857660308212076
403.668	0.07890857583359188
404.201	0.07867826246768253
404.729	0.07921989033671746
405.26	0.07921012780933948
405.788	0.07857014999582097
406.424	0.07959604759500828
406.952	0.07938647304376686
407.481	0.07877429724900638
408.009	0.07929810081126656
408.541	0.07956240903622154
409.069	0.07881937621220839
409.6	0.07894306772806724
410.127	0.07969193929551814
410.659	0.0798602777849429
411.188	0.07963775997360881
411.715	0.07972373296640593
412.243	0.07991876035098638
412.774	0.07996562437048847
413.303	0.08025194582299808
413.835	0.08022989826057196
414.363	0.08061125351541029
414.895	0.08083385162911057
415.424	0.0806006253530147
415.955	0.08057936162457605
416.483	0.08040853323922457
417.014	0.08016708134483513
417.541	0.07991662313473352
418.073	0.08028459159007972
418.601	0.08009790958882988
419.133	0.08074875834323875
419.661	0.08027016319509431
420.192	0.08073768716531127
420.716	0.08082185276463609
421.248	0.08086977891943055
421.777	0.08076226266865744
422.31	0.08099064240711647
422.837	0.08087343047686595
423.37	0.0807379831444304
423.897	0.0803526885507958
424.429	0.08086441479997265
424.958	0.08038742189866191
425.491	0.08030959422390031
426.018	0.08034451511386896
426.549	0.07979741529302074
427.074	0.08026602254119197
427.605	0.08040283442347539
428.134	0.08034114494714786
428.665	0.07980179159706358
429.193	0.07990465735373549
429.724	0.07991982191130004
430.252	0.0802644348844064
430.785	0.07999386642457111
431.312	0.08038117750348618
431.843	0.07995786917426667
432.372	0.08004567759943126
432.918	0.0800919865259589
433.445	0.07984471545837547
433.973	0.07987411120811413
434.501	0.0796388378525177
435.033	0.08022228205715906
435.562	0.07958141311591657
436.093	0.07982633976644676
436.622	0.07989044632190116
437.153	0.07976651948732219
437.681	0.07957065595526425
438.212	0.07959968843498161
438.741	0.07975032002376775
439.382	0.07965377137580026
439.91	0.08009405759877225
440.44	0.0804262356928136
440.968	0.07954525249338486
441.5	0.07961650080010613
442.029	0.07908242449776469
442.559	0.080082872612731
443.087	0.0794400495348761
443.618	0.07974724489632723
444.146	0.08016996356475349
444.675	0.0799371236045447
445.204	0.0796976524376066
445.735	0.08047792768760346
446.263	0.07980953705478308
446.795	0.07981496716211722
447.323	0.07963101714114293
447.854	0.08002043388083757
448.381	0.08001109189815829
448.914	0.08031159246089176
449.442	0.08035827240797137
449.973	0.07994102877792053
450.501	0.07994663367741024
451.033	0.08039136444268385
451.561	0.08049356781355085
452.093	0.08021415401887186
452.617	0.0805756294109296
453.148	0.08076229034701543
453.677	0.08073374778510962
454.208	0.08070496933795698
454.738	0.08068950857192762
455.273	0.08037874444404244
455.801	0.08082436405725796
456.333	0.08011765001357886
456.86	0.08042664097756651
457.392	0.0808133634223697
457.92	0.08022019189047834
458.451	0.08061926186353895
458.98	0.08084097340009656
459.511	0.08112934169962428
460.039	0.08103308530472716
460.674	0.08064110498205539
461.202	0.08075163743235489
461.733	0.08114053548604452
462.261	0.0810693535081774
462.792	0.08106273588594966
463.319	0.08094194643464007
463.85	0.08094237045264688
464.376	0.0809406912240291
464.908	0.08156670563675758
465.437	0.0813656072107698
465.968	0.08092899973776209
466.498	0.08122184082615887
467.029	0.08156128218351831
467.557	0.08149310410819781
468.088	0.08140680454187935
468.614	0.08146839036084803
469.144	0.08178950086186074
469.673	0.08132578148529007
470.205	0.08131843119006073
470.732	0.08126122859060848
471.265	0.08189340512161208
471.793	0.08187124900264449
472.325	0.08171301297827936
472.853	0.08220995416449128
473.385	0.08143672318937493
473.912	0.0822441085340015
474.445	0.08181472894685937
474.974	0.08240663353834327
475.503	0.08196062295919292
476.029	0.08236917711529954
476.561	0.08205294519901828
477.088	0.08231208960275244
477.62	0.08182042046902004
478.148	0.08228889758509973
478.679	0.08223642007268775
479.207	0.08222210932679029
479.739	0.0825517377060256
480.267	0.08297249652519499
480.799	0.08248581376390089
481.327	0.08292892655421913
481.859	0.08270802246005769
482.387	0.08273674722981336
482.918	0.08315310250551562
483.444	0.08319545251634197
483.976	0.08246470470646305
484.505	0.08328663021076257
485.036	0.08307879284175014
485.565	0.08341181545804083
486.096	0.08348785021770201
486.624	0.08330580058323953
487.157	0.08278565752910513
487.684	0.08330941820800883
488.216	0.08310462288565651
488.745	0.08299226594708964
489.277	0.08334268065623264
489.802	0.08366685532890593
490.328	0.08349776032338083
490.855	0.08349167300572116
491.386	0.08343062133064337
491.914	0.08391332064075874
492.446	0.08375946963980971
492.974	0.08369789623491893
493.505	0.0836792692924987
494.034	0.08364145179625615
494.565	0.08351112025876342
495.093	0.08363408973611401
495.624	0.0838026675834555
496.152	0.08405066730571335
496.683	0.08422230084742126
497.21	0.08427470897363049
497.742	0.0838586367645458
498.268	0.0841550295108418
498.8	0.08397727549397509
499.328	0.08403654474461869
499.859	0.08408877893282905
500.389	0.08392829089543496
500.92	0.08411288212679215
501.448	0.08417906398717499
501.979	0.0841241554694572
502.508	0.08417787358623952
503.036	0.0843880856911657
503.564	0.08432400673844574
504.096	0.08504673687458326
504.624	0.0840272789028945
505.157	0.08464649545878726
505.684	0.08441565397225535
506.217	0.08436042567006723
506.745	0.08444540596187361
507.277	0.08476876250048056
507.924	0.0847881505603318
508.457	0.08455585193362314
508.986	0.08469546765671548
509.517	0.08456471405357355
510.046	0.08480578082246534
510.576	0.08452414684776634
511.102	0.08429181356664758
511.633	0.08451560452967274
512.16	0.08504143049493987
512.693	0.08497130207425838
513.221	0.08528074331545756
513.751	0.08505971121459338
514.28	0.08511317358314954
514.811	0.08473769012043468
515.448	0.08514824949075532
515.98	0.08529600322544083
516.507	0.08531990543091478
517.041	0.08531100562209691
517.567	0.08534142067465772
518.1	0.0850486327258761
518.628	0.08553299562452761
519.159	0.08514087863737177
519.686	0.08540058694521646
520.216	0.0854437806366088
520.745	0.08541260447927719
521.276	0.08551542969234177
521.805	0.08534043652963479
522.337	0.08534441560739263
522.864	0.0854330608137282
523.396	0.08518555627048598
523.923	0.08533013490864866
524.454	0.08572890790053034
524.983	0.08530075452510405
525.511	0.0859501835789987
526.039	0.08524646933924769
526.571	0.0859648789119786
527.099	0.08563169293782086
527.631	0.08568325830774996
528.158	0.08617500299182256
528.691	0.08627539814554437
529.219	0.08627791092742189
529.751	0.08617666871018213
530.28	0.08641175021238441
530.811	0.08599248812465345
531.452	0.08634819300379883
531.982	0.08684381721340717
532.511	0.08569989695894896
533.043	0.08680316065754211
533.571	0.08617423501961427
534.102	0.08684004708517458
534.631	0.08632264794062795
535.163	0.08675123162647352
535.691	0.08619937431877614
536.219	0.08656542966725611
536.747	0.08635058839199503
537.28	0.08632052408993873
537.805	0.08657319863842992
538.336	0.08629120571489848
538.865	0.08675094930263223
539.397	0.08675293643046812
539.925	0.08655760085340947
540.451	0.08720684830169509
540.979	0.08710580445196967
541.509	0.08662487191421937
542.037	0.08665252370185249
542.569	0.08693032276126138
543.097	0.08603919251799656
543.627	0.08714405059096232
544.156	0.08698706766931252
544.687	0.08667484613069353
545.214	0.0872557901276359
545.746	0.08673870132084015
546.275	0.08694146878078599
546.806	0.08689419107651242
547.334	0.08685192786387513
547.866	0.08755304405141054
548.394	0.08689414681989857
548.925	0.08742767981984076
549.451	0.08718139396221641
549.981	0.08738530648977623
550.509	0.087447412159726
551.042	0.0874729300913678
551.569	0.08709362469478106
552.102	0.08749134786501411
552.628	0.08753970525224677
553.167	0.08769710114610066
553.695	0.0876591608746889
554.227	0.08745889460489778
554.755	0.08778139472594786
555.287	0.08762756448005571
555.817	0.08765139018541085
556.348	0.0879844425876941
556.876	0.087939088582834
557.408	0.0880322837315088
557.936	0.08785828453268293
558.592	0.08830392430917114
559.12	0.08769229612729616
559.652	0.08787632199581925
560.18	0.08801828428462077
560.711	0.08782726910288013
561.24	0.0878864627644136
561.771	0.08817974926229383
562.3	0.08789788866615161
562.827	0.08793164651857531
563.355	0.08772327029429573
563.886	0.08763031180407489
564.415	0.08856730925890886
564.946	0.08812870700528974
565.474	0.08840872130886503
566.006	0.08848953758821733
566.531	0.08828150676539308
567.064	0.08867941291696439
567.592	0.08865455297604145
568.123	0.08833889663399028
568.651	0.08785071624653082
569.184	0.08820323425710165
569.713	0.08856647151486675
570.244	0.08841618958431542
570.772	0.08900966653893126
571.304	0.08893854395493275
571.832	0.08867773475299193
572.364	0.08867567572797952
572.892	0.08868101610773392
573.423	0.08909337595731637
573.949	0.08915007063146353
574.48	0.08831700852822026
575.008	0.08896124602167663
575.539	0.08874125839140475
576.068	0.08890820675486595
576.6	0.08906398780911544
577.128	0.08931167027960285
577.66	0.08878798968135782
578.188	0.0888651041166475
578.72	0.08921625701171522
579.248	0.08962188466592248
579.782	0.08893865278545775
580.31	0.08928635353308872
580.842	0.08971378767154434
581.37	0.08940851514165764
581.9	0.08920387374888547
582.429	0.08951990382668758
582.96	0.0892689537430954
583.489	0.08889883962012453
584.02	0.08932608671501294
584.549	0.08998320260629121
585.081	0.08985752377003503
585.609	0.09001027533461499
586.138	0.08954598583724667
586.666	0.08944759358756497
587.198	0.08930950542228214
587.727	0.08931391535353574
588.258	0.08934558622632889
588.785	0.08960234711693067
589.316	0.0893319964270662
589.845	0.0898912139568691
590.376	0.09006778107670098
590.903	0.0900978816683036
591.435	0.08998807186018908
591.963	0.09009288226177066
592.495	0.08957909387853867
593.022	0.089927994032503
593.554	0.0900421648362064
594.082	0.09021926649651862
594.614	0.09024038617370618
595.142	0.09016355396204898
595.673	0.09023354915593026
596.201	0.09066445149889987
596.731	0.09021712452426464
597.259	0.09037871048635872
597.792	0.09068271492095727
598.319	0.09076117891762497
598.85	0.09081894459988431
599.379	0.09087760699134921
599.91	0.09021560808767173
600.439	0.09055106232023097
600.97	0.09049747938080406
601.498	0.09043504110537569
602.03	0.09072671212470582
602.558	0.09069649700503396
603.09	0.09090913951437876
603.619	0.09062232667870782
604.149	0.09090386169827797
604.677	0.09078899222743332
605.21	0.09127602390212158
605.738	0.09100928226357456
606.27	0.09088003043831865
606.795	0.09099488476124294
607.326	0.09161110053215807
607.855	0.09101928996898337
608.386	0.09084243430379944
608.914	0.09087496226025568
609.446	0.09060028135259793
609.975	0.09118254253300587
610.506	0.09109114980565006
611.034	0.09127000767088696
611.565	0.09111284699478561
612.094	0.09163110337302485
612.623	0.091211663794551
613.153	0.09158799250654005
613.681	0.0912858670130764
614.209	0.09122561351377399
614.741	0.09094478951420812
615.27	0.09188171012756076
615.802	0.09154135229077273
616.331	0.091945626102909
616.862	0.09211903631099266
617.391	0.09175602419279817
617.919	0.09171919060233262
618.445	0.09183140211142478
618.977	0.09157339218224599
619.506	0.09154053974005608
620.038	0.09148091318198646
620.566	0.09190958176085229
621.097	0.09182499187017515
621.625	0.09244129593518222
622.157	0.0922777080444742
622.685	0.09200724502864116
623.216	0.091574181162017
623.747	0.09229337144389482
624.278	0.09227664764085994
624.807	0.09236921923098868
625.335	0.09185324923047909
625.863	0.0923184016332812
626.395	0.09194081047359097
626.923	0.09193371017021779
627.455	0.09205206419669125
627.983	0.09239299228708313
628.513	0.09256808218909732
629.042	0.09264019115940111
629.574	0.09264412808248032
630.102	0.09306417145453114
630.633	0.09308744721735261
631.162	0.092503868569013
631.693	0.09277159888566991
632.222	0.09267681768278566
632.752	0.09304455144453926
633.28	0.0929166677113613
633.808	0.09297684378043321
634.444	0.09283026493323215
634.976	0.0931903038281846
635.504	0.0928690367380024
636.036	0.09287200751503281
636.564	0.09297378888345502
637.095	0.0929946647381754
637.623	0.09310488704293675
638.155	0.09338424787118564
638.682	0.09365655583368464
639.213	0.09331356271257954
639.742	0.0932127161126734
640.274	0.09362530622000335
640.802	0.0934428861900686
641.334	0.09380850281120004
641.862	0.09342826898167099
642.394	0.09295695194009045
642.923	0.09340223366119682
643.454	0.094242309792578
643.983	0.0933792006542086
644.514	0.0930935409128538
645.04	0.09350728567999987
645.568	0.09409628326956213
646.094	0.09390768621685097
646.622	0.09352110108840539
647.147	0.09321998893865775
647.678	0.09403749786256299
648.207	0.09417522864518613
648.739	0.0938702376655205
649.268	0.09392050452007593
649.798	0.09386466353740881
650.326	0.09372470323056685
650.859	0.0939952672145723
651.386	0.09376114913097179
651.918	0.0938793174177532
652.447	0.09373761528594671
652.977	0.09416278275965867
653.507	0.0939772287053473
654.037	0.09425146353781787
654.563	0.0940978349396591
655.095	0.09419880133711037
655.622	0.0941653476227572
656.155	0.09438922144070512
656.684	0.09420977739253066
657.215	0.09436385824180418
657.744	0.09465586644450663
658.274	0.09447638426478125
658.804	0.09471046629539367
659.33	0.09481978737367222
659.859	0.09461482740168199
660.388	0.09433264039892113
660.917	0.09474172626682666
661.444	0.09440538496433781
661.972	0.09472388557251475
662.504	0.0948640487161272
663.033	0.09461730286285368
663.564	0.09480133690911913
664.092	0.09524228544469829
664.624	0.09491223913958034
665.152	0.09529404511933301
665.683	0.09485747030091972
666.212	0.09498772568100047
666.742	0.09529649297385076
667.269	0.09485794794810867
667.801	0.0956201328347437
668.328	0.09556429855634134
668.861	0.09569423755840507
669.389	0.09510583036685016
669.921	0.09538062053373901
670.449	0.09581600190509643
670.981	0.09563723108297813
671.51	0.09555253973265994
672.041	0.09598257538689976
672.569	0.09581220886716232
673.1	0.0955509482891254
673.629	0.09594860038994153
674.161	0.09613971048723285
674.689	0.09623314206322083
675.22	0.0959651363663101
675.746	0.09640491142473655
676.279	0.09610075398454956
676.807	0.09591411675143527
677.339	0.09593332386447058
677.867	0.09640357571441087
678.398	0.09678199878925989
678.927	0.09635233163436019
679.458	0.0963781528007667
679.985	0.0966899983612404
680.517	0.09604806429483564
681.044	0.09647614867411337
681.576	0.0964818555381312
682.105	0.09689544725700223
682.636	0.09670127109231749
683.163	0.09687335539652836
683.696	0.09708701227885119
684.34	0.09722822062991941
684.873	0.09697971444031067
685.401	0.09699616633909547
685.932	0.09652757921675933
686.46	0.09686033030294713
686.992	0.09743607318699077
687.521	0.0977155002106251
688.052	0.09750646812031642
688.58	0.09714654923491801
689.108	0.09762946810110319
689.636	0.0972642851086208
690.167	0.0975728153716601
690.696	0.09798540813420913
691.228	0.09792123022883523
691.756	0.09814342155676922
692.288	0.09767946526050393
692.818	0.09796267627514488
693.349	0.0976801697407527
693.876	0.0980586792496774
694.409	0.09856242430774236
694.937	0.09799541367250944
695.468	0.09843255380587812
696.001	0.09833491670126082
696.533	0.09868002720652108
697.057	0.09860301032035497
697.589	0.09809314886248227
698.117	0.09855973799558594
698.649	0.09794032103275381
699.176	0.09920440305280044
699.829	0.09904885622554964
700.357	0.09936607636299061
700.888	0.09853385901645467
701.417	0.09871697220585635
701.948	0.09920227452685208
702.476	0.09980987820312741
703.009	0.09902401436641138
703.536	0.09918262362926832
704.067	0.09892453272930755
704.596	0.09910924357339163
705.127	0.09894354890326644
705.66	0.09941644950157241
706.188	0.09907484168026111
706.715	0.0996987305986402
707.249	0.09966325015143353
707.776	0.09948589266572191
708.419	0.0998073861311167
708.946	0.09986111212465372
709.478	0.10013129077554651
710.006	0.09975458523469269
710.537	0.1001226261816323
711.065	0.09999272009316375
711.597	0.10076412878912203
712.125	0.09984757592723291
712.656	0.09990544326632571
713.185	0.09980349306006873
713.716	0.10051235966957306
714.244	0.10072919117281005
714.776	0.10056406964295984
715.304	0.10042130042893542
715.832	0.10023904429924765
716.357	0.10092781136052816
716.889	0.10092507907699157
717.417	0.10047714199904771
717.949	0.10053518801599083
718.477	0.10074966501752661
719.008	0.10041132910170082
719.537	0.10107866854115698
720.068	0.10055546963959806
720.596	0.10052350776137352
721.128	0.10142739554657898
721.655	0.10120157488674653
722.186	0.10111864912163136
722.716	0.10071629759555176
723.248	0.10040986542089299
723.772	0.10088655175539132
724.303	0.10086183675924253
724.829	0.10134462870787056
725.361	0.1010621395782114
726.013	0.10178455751292671
726.545	0.10164553649558802
727.073	0.10163610211375236
727.6	0.10139012610816749
728.127	0.10166001640489487
728.654	0.10180401999408156
729.182	0.1013198871092805
729.71	0.10130869961865809
730.24	0.10175417453250074
730.771	0.10171723599462631
731.299	0.10169557027994225
731.831	0.10211420764018078
732.359	0.10146255267531351
733.005	0.10159847270732535
733.533	0.10209046219972495
734.065	0.10179343012478931
734.593	0.10218405224533222
735.124	0.1020945390943958
735.652	0.10240258471437731
736.184	0.10219319744350802
736.711	0.10239021416693235
737.244	0.1024808767407525
737.771	0.10270711633472031
738.304	0.10221792792317491
738.833	0.10180298571655337
739.364	0.10238313856901098
739.892	0.10233750262118585
740.423	0.10243822398087134
740.953	0.10221042168027004
741.484	0.10251183803374861
742.011	0.10230165221619728
742.541	0.10317901197500265
743.069	0.10298384371712466
743.6	0.10261822676467346
744.128	0.10322365829705434
744.659	0.10316409758447516
745.188	0.10328262890024134
745.719	0.10378105333989776
746.248	0.10327231448409982
746.779	0.10294898283128051
747.307	0.10233187111004469
747.839	0.10300322025590598
748.367	0.10269293225209979
748.894	0.10293899149010825
749.421	0.10307956436202666
749.954	0.10251264857799855
750.481	0.1033134663044896
751.013	0.10360631018015663
751.542	0.10317094997969338
752.073	0.10252580576579776
752.737	0.10301886027715906
753.269	0.10330993813607288
753.797	0.10317956435999874
754.33	0.1034056604675933
754.858	0.10389759965671866
755.388	0.10298022431115628
755.915	0.10373688108041834
756.446	0.10399454972744632
756.975	0.10403708044509824
757.507	0.10329718647174309
758.035	0.1034357011932134
758.566	0.10385244818170865
759.098	0.10388318252360466
759.629	0.10333482159404347
760.156	0.10417222609180217
760.688	0.10415849850889076
761.215	0.1036004499018522
761.747	0.10363099605166146
762.274	0.10389520238781685
762.806	0.10428547575699805
763.334	0.1038117195062252
763.866	0.10444164049026598
764.394	0.10439466601029318
764.926	0.10418245065547303
765.453	0.10424634618779084
765.985	0.10436609633785106
766.513	0.10431130183819219
767.042	0.10421419946960625
767.567	0.10451182776312945
768.098	0.10482397257167628
768.745	0.10446664021064261
769.275	0.1044678730645685
769.804	0.10456552148181561
770.335	0.10501239264023213
770.863	0.10477598033538524
771.395	0.10445087641328468
771.923	0.10451319019932713
772.454	0.1050539730124787
772.985	0.1048561722080173
773.515	0.10461749079486239
774.042	0.10403413002368489
774.575	0.10445309031757813
775.105	0.10474177667937878
775.636	0.10463987273247648
776.163	0.1053399110416594
776.694	0.10499215075277644
777.222	0.10510741029011253
777.753	0.1047929187531957
778.28	0.10521501848406033
778.807	0.10507504781137704
779.333	0.10523176877233913
779.865	0.10553988367177061
780.393	0.10596136489149122
780.919	0.10789835291128083
781.442	0.10809686998080296
781.974	0.11656272689143389
782.503	-0.014622464254258862
783.034	-0.031900397357242795
783.562	-0.03226364951682997
784.093	-0.03228467884628737
784.622	-0.03190440337561387
785.153	-0.032992562208661355
785.679	-0.03244824041535819
786.211	-0.03231931484503642
786.739	-0.03199169982524321
787.27	-0.03214559253948
787.798	-0.03213745086839187
788.33	-0.032412359578013764
788.857	-0.032677007922225304
789.389	-0.03230780676355774
789.919	-0.03229797321605934
790.45	-0.03186230852527656
790.978	-0.03232697234103519
791.51	-0.03195872657893272
792.039	-0.03190244782430205
792.571	-0.03206570133513182
793.099	-0.03215696651620706
793.63	-0.03208041462271581
794.159	-0.03187170623801835
794.684	-0.032153121864412486
795.211	-0.031841776481383935
795.744	-0.032080110876151896
796.272	-0.03235529859250886
796.799	-0.03189247376736451
797.326	-0.032116861140971176
797.858	-0.03233661736389273
798.385	-0.03200982872105525
798.917	-0.032272341073686234
799.446	-0.03179583748076359
799.977	-0.032676048317370456
800.505	-0.03199557423327281
801.037	-0.03201708820303486
801.565	-0.032358536688698564
802.096	-0.03224249139134039
802.625	-0.032774484788882924
803.156	-0.03209438787321838
803.684	-0.03265665614936116
804.216	-0.03272495506720547
804.745	-0.03210114049256574
805.276	-0.03251549188770058
805.805	-0.03228740751571082
806.336	-0.032500865163100384
806.864	-0.03207534681771163
807.397	-0.032319171959676575
807.925	-0.03210674242029195
808.457	-0.031726010512011016
808.985	-0.03237688065214002
809.517	-0.03175445141069154
810.045	-0.03252487115834426
810.577	-0.03242236342305284
811.105	-0.032351804269640495
811.634	-0.03208094951028421
812.163	-0.03262251173215902
812.695	-0.032428218460462205
813.223	-0.03229024320931978
813.754	-0.03223150602515843
814.283	-0.03217043263745071
814.814	-0.03246037934405886
815.343	-0.032109863492665515
815.874	-0.03286931347473786
816.404	-0.032145811488876325
816.934	-0.03261179717753664
817.578	-0.03250761237685078
818.109	-0.032318398144662155
818.637	-0.03268917646990617
819.168	-0.03223911931496949
819.695	-0.03196000983569057
820.227	-0.03260515165241368
820.753	-0.031927612866728926
821.281	-0.03219035914412485
821.809	-0.03225508604600817
822.34	-0.03262880699048832
822.868	-0.03252000583785701
823.399	-0.03205414040548609
823.928	-0.03240839407225929
824.458	-0.03239567193291759
824.986	-0.03267187471836539
825.514	-0.03301379763279832
826.042	-0.03269225340719899
826.573	-0.032784072782739065
827.103	-0.032705015619109046
827.635	-0.031899848480905116
828.163	-0.0324436155015689
828.695	-0.03289814697419057
829.224	-0.03271671136204877
829.755	-0.03271693933023921
830.283	-0.03290490976369085
830.81	-0.03227737100412909
831.339	-0.03247853502474384
831.87	-0.032496846441977915
832.395	-0.03220504546039523
832.927	-0.031999426996251294
833.453	-0.03189775394552491
833.985	-0.03284828592406378
834.515	-0.032664887243698704
835.046	-0.032357899919601085
835.7	-0.03203874299168248
836.232	-0.03147501807470145
836.762	-0.03210635177630116
837.294	-0.031370921099973095
837.823	-0.0313900053265611
838.354	-0.03188507725221493
838.882	-0.03186030193545476
839.411	-0.03202697285516213
839.938	-0.03147415650571092
840.469	-0.03171099273407486
840.998	-0.03215120986797281
841.529	-0.032137826136379444
842.058	-0.031991492375189653
842.586	-0.03160737207920082
843.113	-0.031902137024384485
843.643	-0.03154964863127557
844.172	-0.031334434981496205
844.704	-0.03156824128664292
845.232	-0.031748152920569546
845.764	-0.03190989529450758
846.291	-0.03133972042215627
846.823	-0.032139091857677805
847.35	-0.03167760119604691
847.881	-0.031776207995315206
848.41	-0.03186782250186437
848.941	-0.03178540675195795
849.47	-0.03182017170000881
850.001	-0.031605916864060606
850.529	-0.03160419924795715
851.061	-0.03181676842682789
851.59	-0.03167237087886961
852.122	-0.03204088706918652
852.771	-0.03196016966422065
853.303	-0.0318741238675842
853.831	-0.03177025752222774
854.364	-0.03147552920123664
854.892	-0.0321950283215189
855.422	-0.0320524874584182
855.949	-0.03183428238462906
856.481	-0.031744450270377714
857.008	-0.03195404661933731
857.54	-0.03150253482036959
858.069	-0.03192103835208217
858.601	-0.031824607490899895
859.126	-0.031851393156142424
859.658	-0.03186475762986313
860.366	-0.031939791416573333
860.901	-0.031936222683942875
861.429	-0.03200264467216823
861.962	-0.031814208105305775
862.489	-0.03162839830313577
863.021	-0.031951652360628524
863.549	-0.03155382462805388
864.077	-0.03183705792045299
864.606	-0.03171535222890243
865.138	-0.031496425318182586
865.666	-0.03197661103999208
866.31	-0.03182898444372283
866.838	-0.03185815716901275
867.37	-0.031778658695625385
867.898	-0.03153718321785111
868.429	-0.031175559048874625
868.958	-0.031622869870876785
869.489	-0.031504470481336914
870.014	-0.03161555572188882
870.544	-0.0316653241169378
871.071	-0.03183542180423423
871.603	-0.03131667725271377
872.13	-0.03196130964572042
872.662	-0.032065207203152125
873.191	-0.032203647973422934
873.723	-0.03229861431291812
874.251	-0.03234490552205227
874.783	-0.0316759837518015
875.423	-0.031942901095696453
875.953	-0.032103912945331006
876.48	-0.032780612118796154
877.011	-0.03332582199091218
877.539	-0.03310045604243661
878.071	-0.032839737027085564
878.6	-0.03412687609447087
879.127	-0.0340711114552073
879.655	-0.03345200458394413
880.186	-0.03344346395788968
880.715	-0.03326082368704327
881.246	-0.033250539015002016
881.775	-0.03338546082115459
882.306	-0.03323073497080804
882.834	-0.03319654682412151
883.366	-0.03348332435454877
883.891	-0.03376044082031322
884.424	-0.0338451386133986
884.952	-0.03335375613059393
885.484	-0.03363715294109295
886.012	-0.033321199687178935
886.543	-0.03338523891200099
887.072	-0.03364548779252292
887.601	-0.03338932282892161
888.128	-0.03351249763971161
888.66	-0.03309976719353804
889.188	-0.032774693040602806
889.719	-0.0330840342195547
890.248	-0.03338201967508814
890.779	-0.033108980625661935
891.306	-0.033373766872649084
891.837	-0.033238180045242684
892.363	-0.03336563794175443
892.891	-0.03365395087916389
893.415	-0.03309496603621926
