##################################################
# DATA EXPORT AND TRANSFORMATION REPORT
#
# Original File: 2.xlsx
# Experiment Start Date/Time: 2025-06-27 17:08:13
# Processing Date: 2025-07-23 12:59:48.352808
#
# Operations Performed:
# - Column 1 (Time): Read from Excel Column B (milliseconds), divided by 1000.
# - Column 2 (Absorbance): Read from Excel Column C, comma decimal converted to dot decimal.
##################################################

Time (s)	UA
10.422	0.10463837202708784
11.032	0.10458992603177707
11.574	0.10434712309761905
12.103	0.10444472922584715
12.632	0.10436679183176935
13.159	0.10439015189153515
13.69	0.10455662077869257
14.219	0.10403961534361035
14.747	0.10381280041957516
15.275	0.10444156399860167
15.808	0.10428906823827204
16.337	0.10460123613638768
16.869	0.10380404087256134
17.399	0.10453647499009777
17.931	0.10416481932789368
18.458	0.10406633423843525
18.992	0.10415151571782809
19.521	0.1042504694820086
20.071	0.10440411019709057
20.676	0.10430995353208158
21.207	0.10407814313243073
21.733	0.10492705965176594
22.265	0.10442438634894606
22.867	0.10415644098583063
23.4	0.10428541222177745
23.928	0.10401542820020004
24.459	0.10386397980255829
24.989	0.1039925901773649
25.521	0.10412832613222164
26.05	0.10402753390056332
26.581	0.10424125629409704
27.11	0.10403402429416347
27.641	0.10421286840942978
28.169	0.1042811130978094
28.701	0.10370320692337723
29.229	0.10420312047438092
29.761	0.10380259192449538
30.289	0.10386391563500358
30.822	0.10403648164023509
31.35	0.10407973825795232
31.878	0.10403657915754501
32.406	0.1043018997666394
32.938	0.1045287500700521
33.467	0.10457445791146526
33.998	0.1047268161969839
34.526	0.10403351567789479
35.058	0.10393615694058132
35.584	0.10428667366669234
36.111	0.10442768846801195
36.639	0.1041494532754372
37.173	0.10434986271229935
37.699	0.10455823047630661
38.232	0.10465331886845262
38.761	0.10451706172788348
39.293	0.10411457024587961
39.82	0.10436202644685738
40.36	0.10461836809538891
40.957	0.10451359221093265
41.489	0.10454302896446864
42.017	0.104689031668472
42.55	0.10466157678946383
43.077	0.10436698192806483
43.62	0.10456842670986705
44.147	0.10467574282028833
44.679	0.10472716839426977
45.208	0.1048016293214799
45.74	0.10505886998942138
46.269	0.1042965313325083
46.801	0.10452286056053908
47.33	0.10472712128688924
47.862	0.10464892400769632
48.391	0.10442112721505728
48.922	0.1042024765895015
49.451	0.10462152654796916
49.983	0.1052608320988913
50.511	0.10430310289926252
51.044	0.1050555809705565
51.573	0.1047440128577495
52.104	0.10525746760248744
52.633	0.10487491688536367
53.166	0.1043312890305346
53.696	0.10484631232499927
54.229	0.10500045440180229
54.757	0.10414543245950506
55.289	0.1049361376718654
55.818	0.1046396260233451
56.344	0.10493071499960348
56.87	0.1046575960342727
57.398	0.10461715953534094
57.926	0.10453095397835858
58.458	0.10467747405884067
58.986	0.1050395600503674
59.516	0.10522812943548894
60.053	0.10455589442330361
60.662	0.10484686406115677
61.191	0.10484951978992267
61.723	0.1049144345046933
62.252	0.10475110461380038
62.788	0.10456153314180884
63.316	0.10474004356968031
63.847	0.1050300210660581
64.376	0.10483536920981877
64.908	0.10449911224905695
65.436	0.10482725703132906
65.969	0.10496919863006668
66.496	0.10487677124736304
67.029	0.10433727862792466
67.557	0.10455502481288763
68.086	0.10456491484867535
68.611	0.10497597701091364
69.143	0.10454770807589935
69.671	0.10470469888649815
70.202	0.10478408734253469
70.731	0.10532541383912587
71.263	0.10472851502166036
71.791	0.1047935684645449
72.322	0.10476825519279627
72.85	0.10507429715796533
73.383	0.10506800135444157
73.912	0.10526692227568885
74.443	0.1049115987729896
74.972	0.10461577828710429
75.504	0.1050805472275723
76.101	0.10491717636682453
76.634	0.10466950613291567
77.162	0.10477363232020716
77.695	0.1052477312519261
78.225	0.10498609682621707
78.752	0.10534719596404282
79.28	0.1049689080062367
79.809	0.10481193266824881
80.343	0.10521851771144536
80.939	0.10498836459261958
81.465	0.10502593292115697
81.995	0.10500150877404389
82.522	0.10509697739985105
83.054	0.10480299653178497
83.581	0.10514511266562594
84.113	0.10486866314767614
84.641	0.10487643418223534
85.173	0.1045225675291397
85.7	0.10476234687362229
86.232	0.10508243932634824
86.76	0.10488878849410722
87.292	0.10488606544694097
87.821	0.10498217917689862
88.352	0.10468821343655266
88.886	0.1039587347971908
89.415	0.10460737976392225
89.943	0.10454133995292027
90.47	0.10496215417420537
90.997	0.10466121555467091
91.529	0.1048445008901712
92.057	0.1046865009024526
92.589	0.104801048531329
93.118	0.10499355867980864
93.649	0.1043055504764869
94.177	0.10522608129029859
94.709	0.104922245904643
95.238	0.10471979226734186
95.77	0.10468279253138282
96.298	0.10533658152668914
96.83	0.104512020942262
97.359	0.10515190833526097
97.89	0.10499276725027835
98.419	0.10482102848548719
98.947	0.10445246392147299
99.476	0.10485908445449355
100.019	0.10509215350823642
100.619	0.10437691728551353
101.146	0.10486709956457267
101.673	0.10478302421185876
102.205	0.10461768835319576
102.732	0.1054264125886935
103.266	0.1051051840118934
103.795	0.1048806126584631
104.328	0.10503693750108892
104.856	0.10440091078555601
105.389	0.10477431921301432
105.917	0.10479519190210847
106.45	0.10482740346020998
106.977	0.10474838867596023
107.511	0.10439598989799243
108.04	0.10474733825855287
108.571	0.10450028437239885
109.099	0.10455378979157057
109.631	0.1047593078199016
110.158	0.10505041843783008
110.692	0.10510920876812196
111.229	0.10521856127496451
111.761	0.1049757773772547
112.287	0.10541802472109668
112.82	0.10522779309362416
113.349	0.10504624356812906
113.88	0.10507321836147655
114.405	0.10535642193056997
114.936	0.10492823822342162
115.465	0.104836467044563
115.997	0.10468090849876799
116.525	0.10546476034960814
117.057	0.10488102803904721
117.666	0.10451032691956456
118.197	0.10515812279844547
118.725	0.10550783406277113
119.257	0.10507154845188368
119.783	0.10526965402585382
120.329	0.10489048886975649
120.937	0.1049607973972457
121.469	0.1043335532089178
121.996	0.10442683744640735
122.528	0.10479309241683998
123.057	0.10514917224236826
123.589	0.10431372948185008
124.119	0.10439871636092267
124.652	0.10474797233224827
125.181	0.10436249025099308
125.712	0.10524402220088418
126.241	0.1048374782183208
126.773	0.10471641764259695
127.302	0.10437033872865308
127.834	0.10476501755535354
128.358	0.104742484255238
128.883	0.1046688803075417
129.409	0.10472732665844425
129.939	0.10516665395711115
130.464	0.10503177931087117
130.995	0.1042843308306953
131.522	0.10491338723400707
132.054	0.10453849668238407
132.581	0.10489249183926821
133.113	0.10454878290613998
133.642	0.10491951996665708
134.174	0.10434183234598579
134.703	0.10444802445854619
135.234	0.10469704492157908
135.763	0.10447394263967881
136.292	0.10451507803010238
136.82	0.10476776951091994
137.352	0.10446052607562875
137.885	0.10476702033638703
138.417	0.10486254441200905
138.945	0.10445357319807598
139.476	0.10534174262207217
140.02	0.10449172149798826
140.622	0.10444577342180225
141.15	0.10404518988634676
141.68	0.10477758064778372
142.207	0.10433309132439675
142.74	0.10497621972857628
143.267	0.10497775822672178
143.799	0.10426671537249134
144.328	0.10505534867082954
144.86	0.1043921137933988
145.476	0.10470857613403486
146.007	0.10427718166318614
146.534	0.10450190013332535
147.067	0.10459550690672136
147.595	0.10512265965559567
148.127	0.10468185545552632
148.655	0.10453172068606549
149.186	0.10497121552373123
149.715	0.10454495687392026
150.247	0.10434204123418152
150.853	0.10436580875787128
151.385	0.10426462807052465
151.914	0.1044125916442159
152.446	0.10435400851666285
152.975	0.10451147173465848
153.507	0.10466359943385616
154.036	0.10465704331781228
154.569	0.10430583824687951
155.097	0.10455862701327699
155.628	0.10435308947986952
156.156	0.1048866562624063
156.685	0.10465580936938669
157.211	0.10421207333472488
157.742	0.10443893397387959
158.27	0.10442616943100304
158.801	0.10486296594496253
159.33	0.10468372557543064
159.858	0.10450090502088091
160.397	0.10435020063477557
161.006	0.10455180405488622
161.535	0.10441676699265033
162.067	0.10465778955369168
162.595	0.10464305193182694
163.127	0.10407419490421631
163.655	0.104085584655194
164.187	0.10437674503518597
164.715	0.10449540285298303
165.248	0.10453949683043366
165.776	0.10440791141946588
166.308	0.10479523059853611
166.836	0.10447245715852838
167.369	0.10444433984463543
167.897	0.10416000613247367
168.43	0.1045542714307688
168.958	0.10501357484265189
169.489	0.10434574869519737
170.016	0.10415633461746569
170.548	0.10437677834399949
171.077	0.10450308048233084
171.609	0.10449392957954479
172.138	0.104854531189294
172.671	0.10404003939083965
173.2	0.10421685168145636
173.731	0.10427783096244786
174.26	0.10449373159619524
174.792	0.10415541912033696
175.319	0.10427227593346863
175.85	0.10441129332350359
176.379	0.10364950510724442
176.911	0.10422461788431898
177.439	0.10436978327537448
178.05	0.10442366313202528
178.577	0.10456638976544312
179.108	0.10452288639392895
179.637	0.10381902836597116
180.185	0.1036830814554234
180.799	0.10456106810070474
181.33	0.10468702122950425
181.859	0.10445471069484549
182.386	0.10495065381173264
182.911	0.1040492390794998
183.44	0.10423094131269393
183.969	0.10421845776097975
184.5	0.10475281173401928
185.029	0.10464927475655396
185.638	0.10431319770060747
186.167	0.10449525899315154
186.699	0.10458966683141059
187.225	0.10417534100350662
187.757	0.10440648281903855
188.284	0.10456707095359169
188.815	0.10433188616656003
189.343	0.10429444522285161
189.876	0.10378238220556163
190.404	0.10424943497404648
190.936	0.104510209826557
191.464	0.10444239249338963
191.997	0.10433506894211099
192.527	0.104352610031615
193.059	0.10442966201255587
193.588	0.10446148996858141
194.121	0.10470202286677918
194.649	0.1046183691084275
195.177	0.10523941184119101
195.706	0.10444912583002006
196.238	0.10454374334137535
196.766	0.10493313442335013
197.298	0.10484373236065511
197.827	0.10456276428532042
198.359	0.10423232052560404
198.888	0.10470754055838843
199.42	0.10496366565617916
199.948	0.10400012335028469
200.541	0.10424646546654358
201.157	0.10430166105555401
201.689	0.10449766758309674
202.217	0.10441482575589704
202.749	0.10493078784809062
203.276	0.104329089568728
203.808	0.10451750589287848
204.337	0.10445092845268802
204.869	0.10479985802693251
205.397	0.1045620895207361
205.928	0.10437241111965552
206.457	0.10461012602341885
206.988	0.1042428661881601
207.517	0.1041284198592126
208.044	0.10400189327233951
208.572	0.10436118082966184
209.103	0.10441891259485192
209.71	0.10442655689914027
210.243	0.10454461184254708
210.771	0.1045678953843564
211.303	0.1042226957671002
211.831	0.10475180262570824
212.364	0.10439031888995
212.893	0.10420789970672929
213.426	0.10465624473446723
213.954	0.10474258176362498
214.487	0.10411317731693885
215.014	0.10476958931528964
215.547	0.10449198748874655
216.076	0.1039395164296366
216.608	0.10436768976592348
217.135	0.10446739622004855
217.668	0.1043160506707955
218.196	0.10471664594961613
218.728	0.1047377296012419
219.256	0.10448364308461562
219.788	0.10420734438598656
220.369	0.1043991241400019
220.98	0.105009629935823
221.509	0.10451853597005509
222.041	0.10449400339815522
222.569	0.10433253595453536
223.1	0.10478901224362244
223.629	0.10431009748082079
224.16	0.10451087367696978
224.689	0.10908439892058357
225.22	0.1097612255541216
225.749	0.05945740737664001
226.28	-0.024089788027763737
226.808	-0.024290138490860126
227.335	-0.024298499099421455
227.863	-0.024535098694141663
228.395	-0.024795002969247505
228.924	-0.0244551834991633
229.456	-0.024528938152546368
229.984	-0.024181967901574807
230.522	-0.024544003724110794
231.048	-0.024322480288918744
231.581	-0.024432800884607354
232.109	-0.02457855106389973
232.639	-0.0242328680415479
233.166	-0.02448471819784168
233.699	-0.02447579291495274
234.227	-0.024007007574373206
234.759	-0.024757490554977956
235.287	-0.024410051664269072
235.819	-0.024634849325699093
236.347	-0.024475924760327287
236.88	-0.024270997606927348
237.409	-0.024370801031994075
237.941	-0.024302301322754627
238.469	-0.02474834071000423
239.001	-0.024716621920986608
239.529	-0.024548737069198582
240.072	-0.024345255477577748
240.676	-0.024704193696853848
241.207	-0.024467458935090253
241.734	-0.024696672457523706
242.266	-0.02431294062540581
242.795	-0.02433629874131488
243.327	-0.023979247691991497
243.855	-0.02436385893834273
244.387	-0.024383657904041064
244.916	-0.02445856365545659
245.448	-0.02459715142182687
245.972	-0.024481513111273046
246.504	-0.024277079564644227
247.032	-0.02444231724089128
247.562	-0.02466834216409874
248.09	-0.024552693963482402
248.622	-0.024419228397377184
249.147	-0.024481830365404498
249.68	-0.02449360405739546
250.209	-0.024494228230499692
250.74	-0.024234632391347443
251.268	-0.024115540528175796
251.8	-0.024373374565612917
252.326	0.1492757757229644
252.851	0.14934258935324524
253.375	0.16034722998942533
253.9	0.1594729160706246
254.424	0.16004700724464008
254.951	0.16146693947591623
255.476	0.1608755153939156
256.006	0.16354265255269715
256.533	0.1638798642416653
257.065	0.1647241028161622
257.593	0.1653524333430172
258.126	0.1664833723936224
258.654	0.16670768470992475
259.186	0.1685684274198015
259.715	0.16888309061452977
260.263	0.16940043304832825
260.873	0.17073167978276996
261.4	0.1714631182214482
261.927	0.17283262336183144
262.459	0.17367678610682175
262.987	0.1747330467858787
263.513	0.17552856831569744
264.04	0.17663210877393032
264.572	0.17768593102562394
265.099	0.1789700243209475
265.63	0.17975672173809432
266.157	0.1800765819053638
266.688	0.1813173146880936
267.217	0.18225336262023822
267.748	0.18303964168531808
268.275	0.18364727483579096
268.807	0.18501290985808141
269.335	0.18552128829030654
269.868	0.186323663493325
270.395	0.1873510855373458
270.927	0.18886381105623762
271.456	0.1907383609603636
271.986	0.19071519239229212
272.515	0.19170961544660495
273.04	0.1926567465247681
273.638	0.19367048536958523
274.169	0.19507193953495477
274.696	0.19573028625189673
275.227	0.19682490538636216
275.755	0.1979398613828608
276.287	0.19954417150511727
276.815	0.1997722027207795
277.346	0.20145640191898803
277.875	0.20212446959641064
278.404	0.20314237306169622
278.932	0.20429457282870175
279.463	0.20462223016572403
279.991	0.20619491427080516
280.529	0.20694916249877926
281.134	0.2079031850284309
281.665	0.20838591993189606
282.193	0.21022775839684785
282.725	0.2105106822376543
283.253	0.21118884252536585
283.782	0.21272414671784376
284.31	0.21328779580096005
284.843	0.21447785159007654
285.371	0.21568611624727607
285.903	0.2165124990146743
286.432	0.2171634613676294
286.964	0.21817405073163865
287.492	0.21880475483746442
288.024	0.2196281262720575
288.553	0.22134330547619363
289.084	0.2219618356242362
289.612	0.2230733938216456
290.233	0.22441868426909936
290.759	0.22584625062365643
291.291	0.22634185158547535
291.819	0.22711895259547152
292.35	0.2285476561378218
292.878	0.22899076556317668
293.411	0.22991384500972376
293.947	0.23031982596296585
294.479	0.23252033645473447
295.004	0.23323161142226315
295.537	0.23367156872396805
296.066	0.2346650834990209
296.598	0.2351624203646774
297.126	0.23564036578514974
297.652	0.23633487459849942
298.179	0.23794773085349677
298.709	0.23913328155006527
299.238	0.23987215458634276
299.769	0.24074056141168548
300.312	0.24202794618636497
300.926	0.24325858342320725
301.453	0.24363204164277127
301.985	0.24469248526147008
302.514	0.24571608262331812
303.046	0.24587949438415932
303.573	0.24685717911028082
304.102	0.24839938070925868
304.63	0.24900866319435747
305.161	0.24985055036075063
305.688	0.250619369239034
306.305	0.2517133909702122
306.834	0.25331676333966957
307.363	0.2536301270956113
307.892	0.25514989144859107
308.425	0.2552323813680723
308.953	0.25573294168082983
309.485	0.256951718790753
310.014	0.2583535150573935
310.545	0.25991748154959465
311.074	0.2599280246941362
311.605	0.2612453174344734
312.134	0.2622187701052908
312.666	0.2629543332559558
313.198	0.26328002456896443
313.729	0.26438666129383764
314.256	0.2654687185858813
314.788	0.2659721899590123
315.315	0.26741310241272104
315.848	0.2683095709355851
316.377	0.2689882902960054
316.908	0.2694896286019253
317.436	0.2716239731171979
317.968	0.2719359620959377
318.497	0.2730828393847636
319.027	0.27340202784689244
319.556	0.2745752633569526
320.111	0.2752032239805816
320.733	0.27593537748796043
321.266	0.27656751859160733
321.793	0.27813208358324343
322.321	0.27871201618760905
322.85	0.27968297265342135
323.378	0.28038809419078575
323.905	0.28198998060103336
324.438	0.2821393536259461
324.966	0.2827411945910506
325.497	0.2836211343797843
326.025	0.28500296207237813
326.556	0.28551029488132557
327.083	0.28706270300135883
327.615	0.2871347629963322
328.144	0.28704939865938783
328.676	0.28874073985648185
329.203	0.2893432067845667
329.736	0.29019738109981974
330.264	0.2904359331784501
330.796	0.29167214348260834
331.324	0.2923172180288344
331.853	0.29308268125489845
332.379	0.2941906266287017
332.911	0.29453614878091877
333.438	0.29537917168331007
333.969	0.2960952850708606
334.497	0.2970251307339339
335.029	0.29805407121267313
335.557	0.29829520734921416
336.089	0.29938811932724896
336.619	0.30052190580056215
337.151	0.3011173216938668
337.679	0.30176433754701604
338.212	0.30177794997215596
338.741	0.30308233840163984
339.272	0.30363861047481716
339.8	0.3047330015666315
340.346	0.305274535367001
340.958	0.30620182898727405
341.489	0.3074407727198067
342.016	0.30767753605759607
342.546	0.3085597522990002
343.074	0.30963289052210147
343.605	0.3101356843364422
344.134	0.3116563273322742
344.665	0.31169876657899703
345.194	0.3131016987252211
345.726	0.3140536880364694
346.255	0.31375631508017815
346.784	0.31434587976438233
347.313	0.3156334630543554
347.841	0.3154419943039001
348.369	0.3164523296209809
348.991	0.3172464561892612
349.518	0.31761053314478255
350.051	0.3189500148535677
350.58	0.31942348844916235
351.108	0.32091749814727855
351.637	0.3215736905128819
352.166	0.32264010515177843
352.694	0.3228303223835599
353.226	0.3233246271917241
353.753	0.32387997211848324
354.285	0.32447799073753525
354.813	0.3251127874091945
355.344	0.3261634347370369
355.873	0.32679434788619743
356.404	0.32750296293345404
356.933	0.3281209847933987
357.464	0.32904190267295635
357.996	0.33005678204042566
358.527	0.3302723556289412
359.055	0.3307325985761025
359.588	0.3315027601540776
360.137	0.33185200752177346
360.755	0.3329347071836593
361.28	0.3335983857465715
361.812	0.3344708204795853
362.341	0.33411436511423626
362.871	0.33542471090103293
363.4	0.3363440463328944
363.931	0.33703962686146666
364.46	0.33773899126096224
364.994	0.33813316830220497
365.522	0.33842814341063326
366.053	0.3398250455521184
366.579	0.3400532012700485
367.108	0.34069421449132076
367.635	0.341473426457176
368.163	0.3418394979638037
368.691	0.3426878229156647
369.222	0.34323960108158313
369.75	0.34382915624329163
370.282	0.34473107074687565
370.809	0.345257471508291
371.343	0.3457615071578534
371.87	0.3462911751022911
372.403	0.3471927111414728
372.931	0.3479922361343043
373.459	0.34847049295227506
373.986	0.3493820121258769
374.519	0.3498927876894675
375.048	0.35017564334241263
375.579	0.35096030542309115
376.111	0.3528183876636568
376.642	0.35300447353439124
377.17	0.3536268386919021
377.706	0.3538535555859168
378.231	0.3552469447967723
378.762	0.3550952564697267
379.288	0.35664238100112605
379.82	0.35649148069709385
380.371	0.35714417881788313
380.995	0.35830711988633307
381.525	0.35795360471762416
382.056	0.35856923989776357
382.584	0.3594792518127115
383.116	0.35982979906335133
383.644	0.36035561767275404
384.175	0.3610928135783066
384.702	0.3619066744263751
385.233	0.362344014379948
385.761	0.36216390202112225
386.287	0.363791038358497
386.813	0.364493180999581
387.342	0.36529120691945044
387.871	0.3648373652262157
388.396	0.3659264677800283
388.922	0.3659632378871271
389.453	0.3667083725563374
389.982	0.3669975573612269
390.514	0.3684418507507803
391.043	0.3686477536348636
391.575	0.36864580546451
392.103	0.36980569752908876
392.635	0.37091393455709815
393.163	0.37083476227846773
393.695	0.3714452287344199
394.224	0.3725213185325522
394.756	0.3730352084056955
395.285	0.37278635789287184
395.816	0.3732519762447345
396.344	0.3740378419164827
396.875	0.37400213102265856
397.403	0.3759375680047259
397.936	0.37584944246483104
398.464	0.37699168850340764
398.995	0.37739702732208735
399.524	0.3781091883930893
400.056	0.37926840937590717
400.581	0.37978799135330565
401.112	0.3807462637947254
401.638	0.3803011502359921
402.167	0.3810981138157086
402.781	0.3813690790447727
403.313	0.3819782422233848
403.841	0.3828510547487588
404.373	0.383631711916273
404.901	0.3836983013473275
405.432	0.3837587697623164
405.961	0.38455169484920726
406.492	0.385137315714604
407.021	0.3855327102550285
407.552	0.3871336766644799
408.079	0.3870220980064417
408.611	0.3879861915101209
409.223	0.388810236927618
409.754	0.38909879871016273
410.283	0.39031463518303555
410.81	0.3903154562239328
411.337	0.3912920926393165
411.866	0.39220273556627033
412.394	0.3922335478714077
412.926	0.3926837703683062
413.455	0.39230537894551365
413.984	0.39273623456151235
414.512	0.3925635542027446
415.044	0.39337981941000383
415.572	0.3947920485867465
416.103	0.3946755923820403
416.631	0.3949646840376209
417.163	0.3957702632895542
417.689	0.39610260473086323
418.22	0.39722102733279513
418.748	0.3972357055952485
419.28	0.3973617655733316
419.808	0.39905639747931887
420.34	0.39919905191169985
420.868	0.39869728836858426
421.398	0.3995683816638945
421.927	0.40036633275165145
422.458	0.4013226349783964
422.986	0.4021482700657557
423.518	0.40159460520149837
424.043	0.4028923498757118
424.576	0.40309160661116966
425.102	0.4038638636302819
425.634	0.40424057821169895
426.162	0.4041777771749741
426.693	0.4058992937614086
427.222	0.4061566429549115
427.754	0.40680898752903877
428.281	0.40714749391640703
428.811	0.4073363694211075
429.34	0.40757680318417266
429.871	0.4086387679246108
430.4	0.40869215816940313
430.926	0.4089672420275308
431.449	0.4104709354751331
431.979	0.4106005459428926
432.506	0.4114286315858625
433.041	0.4116771374298791
433.569	0.4115512945828933
434.099	0.413233133195507
434.627	0.4130030877310915
435.159	0.41367410726650006
435.687	0.413927616929516
436.218	0.41464068567274726
436.746	0.41495741239616685
437.278	0.4154351173152581
437.805	0.4160998925092228
438.338	0.41642580080599495
438.867	0.4172422511407231
439.399	0.4175814377865085
439.927	0.41800345963465635
440.46	0.41793416473432266
440.987	0.4182521102253112
441.52	0.4199053969899715
442.048	0.42001805978548373
442.575	0.42042294884230175
443.103	0.4198037966695818
443.635	0.4206593767430559
444.164	0.4211581832138347
444.695	0.4220840563753274
445.224	0.42239635321089647
445.756	0.4230901780970635
446.284	0.4234570063221659
446.817	0.42461179435677743
447.345	0.4246590357130953
447.876	0.4252168885012928
448.405	0.42517220321678045
448.936	0.4263869466938767
449.462	0.4266881670724808
449.994	0.4276237687016832
450.519	0.4273653863862169
451.051	0.4282477404156442
451.578	0.4281558242929738
452.109	0.4288994680621697
452.638	0.42964460462117826
453.169	0.43000749595319804
453.697	0.43036960406745084
454.23	0.43069242071237557
454.757	0.4312809898840602
455.288	0.4317612848721044
455.817	0.43168805028817225
456.349	0.4326612764171883
456.877	0.43369781499910914
457.406	0.4336314068091301
457.935	0.4340439581907983
458.464	0.4342728135352711
458.992	0.4345168394527214
459.525	0.4348120088608398
460.053	0.4353126555443561
460.584	0.43585369078525493
461.113	0.4366117406751474
461.639	0.4370368188497881
462.167	0.4377515910197142
462.696	0.4386554049730452
463.224	0.43887210056670833
463.751	0.43894568279087365
464.279	0.43907147457431317
464.811	0.44014607290543656
465.339	0.4406320221949049
465.871	0.44164063183538554
466.399	0.44087864598407983
466.931	0.4424215874943229
467.459	0.4415320600483754
467.991	0.4430058132063994
468.519	0.44329900876151695
469.052	0.4427531248325718
469.58	0.44315956259605094
470.112	0.4444251839538955
470.64	0.44446392423379383
471.172	0.44473226726167564
471.7	0.44543131012886344
472.233	0.44590193610941703
472.761	0.44690050959626515
473.292	0.4465515135960665
473.82	0.4474662183900228
474.352	0.4476492274457647
474.88	0.4480783525048774
475.412	0.4488778693973196
475.939	0.44967800126977153
476.471	0.4501950429433521
476.999	0.45028230514076617
477.527	0.45101729780601696
478.055	0.4511236067200913
478.586	0.451710276289109
479.114	0.4518387779059382
479.646	0.452144172542224
480.175	0.45241088540506635
480.706	0.45261223143541623
481.235	0.45376719211798433
481.767	0.45387924604577984
482.295	0.45406556161038314
482.827	0.4552373598916933
483.355	0.45579464566641537
483.886	0.45652759840915896
484.415	0.45566338883291735
484.947	0.4571315520318141
485.475	0.45751543194036837
486.006	0.4569881666372066
486.535	0.4574961588634685
487.06	0.457980223826747
487.587	0.4581518719732864
488.119	0.45867401738310953
488.647	0.45965944508626966
489.175	0.4602387900879075
489.702	0.46041920366134387
490.234	0.46043703577932515
490.762	0.46106012586406336
491.294	0.46163943573035354
491.822	0.4618266493000343
492.354	0.46196830573501085
492.883	0.46219266191977315
493.414	0.4630438787539172
493.943	0.4637279129921779
494.474	0.46367072022403566
495.001	0.4649639683143533
495.533	0.4643117922806981
496.062	0.4655173282164967
496.594	0.4662306561090267
497.122	0.46703130940205423
497.654	0.4664949562853257
498.177	0.4664271418278853
498.709	0.4681439775848206
499.236	0.4693093947967378
499.768	0.46871808972077184
500.383	0.46872717124759117
500.915	0.4687479309194375
501.443	0.4696659365788583
501.974	0.46992139583104914
502.503	0.47016031902986954
503.035	0.4706464724174787
503.562	0.4713001872743716
504.091	0.4719774333907115
504.617	0.47256274440843943
505.15	0.47368290373622884
505.678	0.4735778483432071
506.21	0.4736494292641046
506.738	0.4739676499764662
507.269	0.47447017960450183
507.797	0.47517284128222026
508.328	0.47521039840650453
508.856	0.47599885099228234
509.387	0.4760071171054285
509.916	0.476024493071436
510.447	0.47724677036774243
510.976	0.47757613823649503
511.507	0.47723898191226544
512.035	0.4781354677090966
512.566	0.4780475022692265
513.092	0.47944690865839656
513.623	0.47980340639443575
514.151	0.4793713318663765
514.682	0.4800528088508298
515.211	0.480475779998424
515.742	0.48050502805943346
516.269	0.48079021700227015
516.799	0.4817745037393972
517.325	0.48292532484238765
517.856	0.48330958508650507
518.383	0.48309143011788525
518.914	0.48370937364403904
519.443	0.483859968889093
519.975	0.4839122212809078
520.502	0.48428615963148103
521.034	0.4856359781535738
521.563	0.48583875032212936
522.094	0.4858206443779385
522.623	0.48637385292337215
523.154	0.48646275353259266
523.683	0.48821226340109675
524.215	0.48752372059223564
524.743	0.48745937338372974
525.274	0.48829740787396436
525.803	0.4884963944848177
526.337	0.4889801043982437
526.863	0.4904042372286351
527.394	0.48936432824849413
527.922	0.49096867044957593
528.453	0.4903137485832433
528.982	0.4910827248958249
529.514	0.4914294622137822
530.043	0.49235072886971587
530.57	0.4921020615577401
531.097	0.4928563032990585
531.628	0.49285815317298265
532.252	0.49383417089363363
532.783	0.4933900805682773
533.311	0.4940638427305582
533.843	0.49454462756033163
534.372	0.49512712437084877
534.902	0.4944312523254893
535.43	0.4956194443052561
535.957	0.49573433409987155
536.484	0.49669538347323616
537.016	0.4966459875605687
537.544	0.49819975281514095
538.077	0.4972361171237514
538.605	0.498820595997561
539.137	0.4991640347976131
539.665	0.4995326526079692
540.197	0.4999130960503767
540.725	0.5002262972217864
541.254	0.5006079516589755
541.782	0.5010501600527906
542.314	0.5013889035458715
542.842	0.5009551339452933
543.374	0.501777373195621
543.903	0.5017759356494815
544.435	0.5022034770657441
544.963	0.5027575457054535
545.495	0.5035992001545355
546.023	0.50441413607735
546.555	0.5041936337510247
547.087	0.5053188082543102
547.614	0.5053051466836436
548.143	0.5056185911649824
548.668	0.5061609973079934
549.195	0.5069514836871343
549.728	0.5078528222488767
550.256	0.5077054668374689
550.788	0.5079000101357005
551.316	0.5075414523467197
551.848	0.5085599537832143
552.377	0.5087408479153376
552.908	0.5093018901348766
553.434	0.5089701226917055
553.966	0.5103172562180942
554.494	0.5093284268916786
555.026	0.5103053484097915
555.554	0.5117661004125221
556.086	0.5115755302074175
556.614	0.5114151181950833
557.146	0.5122980493543564
557.674	0.5121266122346702
558.205	0.5119088168999711
558.733	0.5136215590117036
559.262	0.513836518679927
559.788	0.5141356958319258
560.32	0.5144010246555824
560.849	0.5148526009247479
561.375	0.5157771820788918
561.903	0.5159138486075726
562.431	0.5161362197402208
562.959	0.5168029935388874
563.491	0.5173685012978919
564.018	0.5179380680130571
564.551	0.5186408551487884
565.079	0.5190767786503114
565.611	0.5192222044638399
566.137	0.5191656991746858
566.667	0.5198813955480838
567.195	0.5206921905330689
567.726	0.5210611598735625
568.255	0.5203069059041405
568.787	0.5219024861338936
569.314	0.5210826710484221
569.847	0.5208010380912771
570.375	0.5212682177344315
570.907	0.5217592304591334
571.434	0.5216013592140057
571.966	0.5227789285093525
572.494	0.523555585912786
573.026	0.5235671911023334
573.552	0.5236861881881902
574.083	0.523889433272726
574.611	0.5243366359898022
575.145	0.524924308822238
575.673	0.5255644930547745
576.203	0.5256364444808821
576.732	0.5266695442014979
577.263	0.5260340720305565
577.79	0.5267332709057596
578.323	0.5272316181603952
578.851	0.5273137703869493
579.38	0.5272909175191285
579.909	0.5292114298496681
580.442	0.5285790711960712
580.97	0.5290067834809722
581.502	0.5286884284286817
582.029	0.5298574357198221
582.56	0.5303698479669723
583.088	0.5304638327475865
583.62	0.530476844106148
584.235	0.5325444989894748
584.767	0.5327388589259486
585.295	0.5319833685881771
585.827	0.5328866978590844
586.354	0.5336734315267347
586.887	0.5342110505603195
587.414	0.5337199346971627
587.946	0.534959378423686
588.475	0.5349625597474887
589.006	0.5352421830455337
589.534	0.5356543539657784
590.061	0.5362875502085351
590.588	0.5365895213639053
591.12	0.5376182840397202
591.734	0.5371944701037447
592.266	0.5376762807342726
592.794	0.5377693723663548
593.325	0.5377147170181695
593.854	0.5385039963295136
594.385	0.5384438174795801
594.915	0.538495135119934
595.446	0.5396097347917675
595.972	0.5405720079599607
596.504	0.5402420624527791
597.032	0.5402414824573418
597.563	0.5401027885278827
598.092	0.5409559544427157
598.624	0.5417625830421073
599.152	0.5425231417198824
599.686	0.5429978479444585
600.214	0.5432932276012861
600.746	0.5434958063578901
601.271	0.5439270800326653
601.804	0.5445344689944158
602.331	0.5441411044330773
602.862	0.544430202937926
603.39	0.544156804758273
603.92	0.5442539766258827
604.447	0.5456158892653121
604.979	0.5459288589468178
605.507	0.5455043553863502
606.039	0.5462783646921491
606.567	0.5469327187578277
607.099	0.5469638748144248
607.628	0.5473100163708211
608.155	0.5477823465810892
608.682	0.5487708534836605
609.212	0.5483259856732584
609.824	0.548489111238529
610.354	0.5496926392131549
610.883	0.5498799466805503
611.414	0.5506266191477941
611.94	0.5507588096061617
612.468	0.5516798543413358
612.997	0.55187654702121
613.528	0.5521069107093084
614.056	0.5520298515082258
614.587	0.5522438363838146
615.117	0.5527142957202946
615.649	0.5535082988715518
616.178	0.5537954338647282
616.71	0.5544502410434554
617.238	0.5538115475059091
617.857	0.5551880653450616
618.385	0.5548248294318975
618.918	0.5557629652907752
619.447	0.5560389451295847
619.979	0.5560998887437898
620.506	0.5565365725893262
621.039	0.5569429069941026
621.567	0.5580932818642462
622.098	0.5572034773010601
622.628	0.5576243777874457
623.158	0.558564929781975
623.685	0.5590203607794764
624.217	0.559958469618326
624.744	0.5595809035078698
625.276	0.5603874291219257
625.804	0.5609857548285376
626.336	0.560826394124025
626.864	0.5607768584085789
627.395	0.5620091358154352
627.924	0.5609863964402065
628.455	0.5618089439444687
628.985	0.5620417287965372
629.512	0.5628932169895129
630.04	0.5624550958575987
630.571	0.5627706379541851
631.099	0.5634362255744312
631.631	0.5641616628963683
632.159	0.5646435348355194
632.692	0.5645480713860244
633.221	0.5651918740185783
633.752	0.5660349905162619
634.28	0.5652659269398901
634.812	0.5660823254116086
635.339	0.5661218305653505
635.871	0.5660779637314184
636.398	0.5666313093159043
636.931	0.5678488253140935
637.458	0.5675220945223529
637.99	0.5681590555269249
638.517	0.5675962168831732
639.049	0.5686120657230823
639.577	0.5691677027120575
640.108	0.568819445663786
640.638	0.5688149754173772
641.17	0.5697357852046651
641.696	0.5702934522716157
642.228	0.5711132530179754
642.843	0.5709679143565468
643.374	0.5717579669699984
643.903	0.5716180536690952
644.434	0.5726316384482407
644.961	0.5718170128118065
645.493	0.5723303570048386
646.02	0.5734033657134056
646.552	0.5740494113417599
647.079	0.5722959511636706
647.612	0.5733409771629348
648.14	0.5739780757879837
648.672	0.5749742425274706
649.2	0.5759986669395919
649.726	0.5756470904483362
650.249	0.5753353125914897
650.776	0.575823422132044
