##################################################
# DATA EXPORT AND TRANSFORMATION REPORT
#
# Original File: 4.xlsx
# Experiment Start Date/Time: 2025-06-27 15:54:10
# Processing Date: 2025-07-23 12:59:48.219082
#
# Operations Performed:
# - Column 1 (Time): Read from Excel Column B (milliseconds), divided by 1000.
# - Column 2 (Absorbance): Read from Excel Column C, comma decimal converted to dot decimal.
##################################################

Time (s)	UA
11.837	0.0843139558590691
12.442	0.0846194499399042
12.971	0.0842332538575835
13.499	0.08479511171415292
14.024	0.08432106570100202
14.548	0.0844827385263196
15.08	0.08500429229143891
15.609	0.08482935346725459
16.138	0.08490065868914126
16.666	0.08520646552326128
17.198	0.08485318189736558
17.726	0.08477468808105576
18.259	0.08422208742972644
18.787	0.0850456329872297
19.32	0.08474475118879557
19.939	0.08479250837567036
20.521	0.0845765988968899
21.136	0.08479686332297749
21.668	0.08449784217702942
22.193	0.08471568914856353
22.726	0.08485427447069344
23.251	0.0847108123628224
23.783	0.0846231451045893
24.311	0.08425535832405533
24.843	0.08450044338024527
25.373	0.08495927672050112
25.905	0.0842819355035395
26.433	0.08431476803784757
26.965	0.08458762063261648
27.493	0.08458185200112449
28.025	0.08423640252175432
28.553	0.08425602541696421
29.085	0.08463593807134363
29.613	0.08412921008419234
30.144	0.08453996524472247
30.674	0.08448109872386791
31.205	0.0844778682600297
31.733	0.08444909860029555
32.266	0.08498938496867887
32.793	0.0848739236239699
33.321	0.08472132746903556
33.849	0.08443892005273015
34.38	0.08444473672408723
34.909	0.08475364809532442
35.434	0.08460343769990794
35.958	0.08468131581680503
36.485	0.08470017826578893
37.011	0.08484275414517038
37.539	0.08465720429108248
38.067	0.0853455613230957
38.6	0.08510116900809006
39.128	0.08466139997473329
39.66	0.08508155366876213
40.209	0.0852582032875953
40.83	0.08479522984245857
41.358	0.08469390909128209
41.89	0.08502131751567173
42.419	0.08536446347929161
42.946	0.0850049786050897
43.474	0.08477516934505645
44.005	0.08545369912679807
44.533	0.08538236011227486
45.062	0.08542395014870274
45.588	0.0850456049285037
46.119	0.08497378304633547
46.645	0.08536692264422249
47.177	0.08499531101700566
47.706	0.08484726760681088
48.239	0.08535040560192955
48.767	0.08525407230181246
49.3	0.08483677802631065
49.826	0.08485080161629936
50.358	0.08443497349710219
50.886	0.08538097008413754
51.418	0.08520631563328576
51.946	0.0855391272047119
52.479	0.08538368633936148
53.007	0.08492726527415838
53.541	0.0845169439344724
54.068	0.08464213157284046
54.599	0.08479096325523343
55.13	0.08493276395633688
55.66	0.0849506737663435
56.185	0.08558596348591926
56.713	0.0852214831585646
57.238	0.08541796381163105
57.766	0.08496892405337485
58.292	0.08492297626145362
58.824	0.08515889194880817
59.353	0.08499981369464028
59.885	0.08529961883721311
60.441	0.08492826369429658
61.065	0.08542715187824126
61.59	0.08484613619823436
62.122	0.08453693299794707
62.65	0.0849800512294139
63.182	0.08510517598732086
63.708	0.08544591826278947
64.24	0.08500124601740457
64.768	0.08481919453938092
65.3	0.0845129371781705
65.826	0.08475548422057143
66.359	0.08522299519127924
66.887	0.0848942039696105
67.42	0.08537720929248217
67.949	0.08491975228843847
68.483	0.08477284162774738
69.011	0.08527533409633199
69.543	0.08514286930238454
70.071	0.08539730614950826
70.602	0.08500944083549458
71.129	0.0849929677666087
71.657	0.08498777487894152
72.185	0.084619107851888
72.717	0.0848109734192633
73.245	0.0846718362717442
73.778	0.08534370242066423
74.306	0.08459933336304627
74.838	0.0847563630112554
75.368	0.08523322102534596
75.9	0.08459549040473793
76.429	0.08491063017348129
76.961	0.08454261999177413
77.489	0.08455550107659994
78.022	0.08490457630478425
78.547	0.08469216448279596
79.075	0.08533685908153624
79.601	0.08516520855474419
80.142	0.08414317189286094
80.744	0.08411508927555918
81.277	0.0846275637921475
81.806	0.0842026774810569
82.338	0.08431800476348791
82.868	0.08470916306061999
83.4	0.08453972176846741
83.928	0.08401904864551447
84.456	0.08400094384842827
84.984	0.08397713082202868
85.517	0.08445427657142918
86.046	0.08435487480377074
86.579	0.08392991862601833
87.108	0.08439373316785541
87.64	0.08472666409418893
88.169	0.08385228032612925
88.701	0.08420521001427234
89.306	0.08434394836834515
89.838	0.08416130079839668
90.364	0.0842791742641137
90.896	0.08414071314941075
91.424	0.08416116557436615
91.956	0.08404096199492712
92.485	0.08433713357293372
93.018	0.08385991664002662
93.546	0.08425055506115599
94.078	0.08412898374651782
94.608	0.08389935122526793
95.139	0.08372299089949423
95.667	0.08379632477129521
96.199	0.08358838108682821
96.728	0.0836854095617796
97.259	0.08388554386700627
97.789	0.08345816519346631
98.318	0.08371316944686752
98.846	0.08343916795054974
99.373	0.08345275452250524
99.901	0.0836171585348772
100.45	0.08333119843869527
101.059	0.08337555903398303
101.591	0.08352650877746688
102.12	0.08333566967175639
102.653	0.08325757825142133
103.181	0.08327849792510025
103.714	0.08365193789287077
104.24	0.08346804571044124
104.772	0.08352300342230431
105.301	0.08363499208975421
105.833	0.08309043448524323
106.361	0.08336470955799077
106.893	0.0832808832857897
107.421	0.0832099651134245
107.953	0.08320321460533618
108.478	0.08346177342336833
109.009	0.08322904374153785
109.538	0.08318565599223207
110.067	0.08311940950137901
110.594	0.08347768238688845
111.125	0.08373360560680194
111.654	0.08304961142957479
112.186	0.08370392687164514
112.714	0.08316262593952278
113.247	0.08282527229765499
113.774	0.08347859316955042
114.307	0.08365919053120395
114.835	0.08329107517206168
115.368	0.08316230516734462
115.896	0.08368036140026718
116.429	0.08328579017753496
116.958	0.08362323397377913
117.491	0.08327176209379451
118.02	0.0834046671588874
118.552	0.0834982377402995
119.08	0.08320543376479678
119.612	0.08344068276344573
120.157	0.08331662657165112
120.777	0.08349835579189259
121.305	0.08363840396970078
121.834	0.08416611698938653
122.361	0.0835408240805262
122.895	0.08350052267120714
123.423	0.08355907947771214
123.955	0.0834138817309079
124.484	0.08341956845203241
125.016	0.08360291832805616
125.544	0.083539236919866
126.077	0.08337987000871812
126.605	0.08323040429873226
127.138	0.08377175964517133
127.665	0.08351247457100205
128.197	0.08365286907390898
128.726	0.08382172747842816
129.258	0.08389655353502996
129.787	0.08385938166755268
130.319	0.0837861877919046
130.845	0.08385759258785276
131.377	0.08375743931684777
131.903	0.08393843014554848
132.435	0.08349117277656053
132.961	0.0832170195222445
133.494	0.08342790212850264
134.022	0.08397403758952346
134.555	0.0840120056052814
135.082	0.08340128012208035
135.612	0.08344838497138721
136.14	0.08347174654460009
136.673	0.08353985827205009
137.201	0.08414136168415372
137.733	0.08405644710038905
138.26	0.08342771658167981
138.793	0.08425376473054429
139.321	0.08367181618648882
139.853	0.08332546627556502
140.396	0.08319333956282074
141.004	0.083804958178281
141.531	0.08387190362689885
142.062	0.0840476997402347
142.592	0.08396560889302784
143.124	0.08428280723489658
143.652	0.08388321400918182
144.185	0.08342661035597027
144.713	0.08436363278919258
145.243	0.0835293430962256
145.769	0.0839378323541989
146.305	0.08375095782745114
146.833	0.08341410056557692
147.366	0.08373597885756356
147.894	0.08327406451341766
148.427	0.083995441335436
148.955	0.08384426457150494
149.488	0.08391891118687245
150.016	0.08398216529342171
150.549	0.08357778127698522
151.078	0.083385905101877
151.609	0.0838335736052582
152.134	0.08381716164873677
152.662	0.08374230807767127
153.19	0.08366386509356796
153.722	0.08390693643907005
154.25	0.08391068220425994
154.782	0.08376905011704862
155.31	0.08383590860249264
155.843	0.08350175684988553
156.372	0.08348611756052851
156.903	0.08414627125672342
157.429	0.08392037759828358
157.961	0.0831996149543969
158.49	0.08335413693296712
159.022	0.083721672235282
159.548	0.08362666838567079
160.097	0.0834267822946663
160.705	0.083594476605535
161.238	0.08383226194404861
161.766	0.08390497922583834
162.294	0.084031597123659
162.822	0.08363315009308576
163.35	0.08329412834377775
163.879	0.0834338443192962
164.41	0.08346372313538741
164.939	0.08348702117257528
165.47	0.0830559654578111
165.999	0.08382451411367736
166.531	0.08382370715968632
167.059	0.08368537745988278
167.591	0.08337965099330633
168.12	0.08333357633972822
168.652	0.0833618657939005
169.181	0.08401248975298266
169.713	0.08366098304848145
170.24	0.08353896793961645
170.773	0.0835091305313411
171.301	0.0838833198510667
171.834	0.08356992609256116
172.363	0.08351381583265745
172.896	0.0839131216984986
173.422	0.08354478586422316
174.027	0.08373394745799423
174.556	0.08407686727643324
175.087	0.0835144537572684
175.616	0.08338344255165207
176.148	0.08421163329387502
176.677	0.08373444829463202
177.208	0.08380778720520639
177.737	0.08344936114913777
178.266	0.08362435769678679
178.794	0.08404581038446508
179.324	0.08363189423211043
179.851	0.08391673617838137
180.398	0.08347227538482063
181.009	0.08396572025575888
181.535	0.08396284046797164
182.063	0.08387646156961821
182.598	0.08421610361412563
183.126	0.08378449439842377
183.658	0.08365973015701485
184.186	0.08366509680916766
184.718	0.0840453241868846
185.243	0.08365703653945311
185.776	0.08425144174067488
186.304	0.08412227323783336
186.836	0.08361879893025487
187.364	0.08429199247205008
187.897	0.08389883359243912
188.425	0.084280457563917
188.957	0.08408863400316198
189.485	0.08328056723286387
190.108	0.08330263142337718
190.636	0.08407460092099625
191.168	0.08453564419196759
191.696	0.08408298612456912
192.229	0.08395948212097262
192.755	0.08415881645635641
193.288	0.08356290884876294
193.818	0.08366212945764484
194.351	0.08430327078911913
194.88	0.08395436630166042
195.412	0.08398830073405729
195.94	0.08390465506874525
196.471	0.08371915713687096
197.0	0.0841491103375654
197.533	0.08439530598602211
198.06	0.08404640844435687
198.592	0.08415897244361742
199.121	0.08445683867855243
199.654	0.08447870647044955
200.203	0.08478733235942894
200.822	0.08431645789600996
201.35	0.08481064213616367
201.883	0.08431641681415726
202.411	0.08490968688742584
202.938	0.08408490982168305
203.47	0.08475555218470862
203.997	0.08463569833385236
204.525	0.08421778518046681
205.058	0.08438170270770111
205.586	0.08426075401136994
206.119	0.08418379613728152
206.646	0.08420419021630814
207.178	0.08361252840434277
207.706	0.08441779209133658
208.237	0.08387155766466049
208.767	0.0840996424018753
209.298	0.08401049165044308
209.826	0.08404285470743837
210.359	0.08438210311534759
210.888	0.08437159264869161
211.417	0.08421752770189285
211.943	0.08446576067614835
212.476	0.08402465964173654
213.003	0.084385570098224
213.536	0.08459308175189298
214.063	0.08483468792344892
214.596	0.08472751353238396
215.124	0.08436658200614001
215.657	0.08414293278205182
216.19	0.08417796504175477
216.715	0.08387937582057549
217.239	0.08439891097944396
217.768	0.08450467195826543
218.296	0.08450725626115313
218.823	0.08431704439539914
219.35	0.08456472761710015
219.881	0.08453621254689873
220.478	0.08400840612244208
221.092	0.08420295325603194
221.62	0.0841586675577819
222.153	0.08426120258837384
222.761	0.08434830837138117
223.292	0.08368535278280687
223.821	0.08405267594955054
224.352	0.08434611575637709
224.88	0.08466789009379054
225.412	0.08427515130729472
225.941	0.08459251856466327
226.473	0.08453076221488641
227.001	0.0845495837799454
227.533	0.08463093426186513
228.062	0.08412010043172054
228.593	0.08433479546247179
229.123	0.08429150710177133
229.653	0.0845498480761745
230.181	0.08441589816814742
230.713	0.08395471541483789
231.241	0.08466019935588222
231.773	0.08389208782503572
232.302	0.08453939244462791
232.833	0.08277348529861614
233.358	0.08248722014414882
233.889	0.09074886437506142
234.415	-0.006492817996240361
234.947	-0.027528258207848485
235.476	-0.028314309796198357
236.008	-0.028098088076252928
236.537	-0.028257688943822603
237.069	-0.028185723491717496
237.597	-0.027884336008513942
238.127	-0.028570232500178847
238.655	-0.02839472307450528
239.186	-0.0278353836075559
239.715	-0.027962462135878066
240.254	-0.02769329584007515
240.867	-0.02828665515294851
241.4	-0.02815235987619907
241.928	-0.02823678915057877
242.459	-0.0282554308830715
242.983	-0.02803560752306491
243.51	-0.02831774849176836
244.037	-0.027969907139593568
244.565	-0.02809946321848794
245.093	-0.02813773757406156
245.625	-0.028149202214510314
246.154	-0.028059730375143574
246.686	-0.028064417282263342
247.214	-0.02839959753070913
247.745	-0.028251114192139198
248.274	-0.028235108761210433
248.806	-0.027950235437459836
249.335	-0.027965361530164993
249.868	-0.027511869836995963
250.394	-0.02816796332674899
250.925	-0.027903599464838166
251.454	-0.027791201299498525
251.985	-0.028332983970803464
252.515	-0.028336734779916564
253.046	-0.02832444606993869
253.575	-0.02853732190791761
254.106	-0.028130330933767066
254.635	-0.028198424523061743
255.167	-0.02810093714442636
255.696	-0.028041459929532886
256.228	-0.028771763120753455
256.754	-0.02800326563124854
257.286	-0.028158201170619016
257.812	-0.028394440685136867
258.343	-0.028326978573407824
258.87	-0.02810646079052546
259.404	-0.02830818775734246
259.932	-0.027919637687225222
260.575	-0.02810451882913217
261.192	-0.028263145978191413
261.724	-0.028199768992484678
262.252	-0.027933545376183776
262.785	-0.02787681075791086
263.313	0.18891693339045587
263.845	0.45178028059260694
264.375	0.10424082649836992
264.908	0.10436213862519281
265.435	0.11182697110663442
265.963	0.10785404850124156
266.49	0.10312828493298104
267.022	0.10285189649121887
267.551	0.1043210110770098
268.082	0.11249826710079869
268.611	0.11250546677577826
269.143	0.11290142115328394
269.672	0.11353436295995341
270.202	0.1136607362491803
270.729	0.11365690368053673
271.262	0.11378524109346155
271.791	0.11348024328910424
272.323	0.11424948048344691
272.849	0.11389590352450638
273.381	0.11437606276146779
273.909	0.11507762629828593
274.441	0.11498635922547411
274.97	0.11528255986687388
275.501	0.11506925792918127
276.03	0.11539752448834913
276.561	0.1157967434192964
277.089	0.1160073157542423
277.622	0.11579556929910524
278.148	0.11586170156073627
278.68	0.11636870898993326
279.208	0.11656818813032271
279.74	0.11700845281430645
280.288	0.11695770399522581
280.91	0.11742249142466166
281.44	0.1187810182763115
281.972	0.11830486209720846
282.501	0.1184834693076887
283.033	0.11882315992772745
283.561	0.11894264497447028
284.088	0.1196628848818685
284.617	0.11927686315989756
285.149	0.11977935694501952
285.677	0.12019105195762252
286.208	0.12084652710115291
286.736	0.12091598437634486
287.263	0.12079801501896531
287.791	0.12113022355402499
288.324	0.12142939992511445
288.851	0.12170469473459607
289.384	0.12161705969646315
289.912	0.12172772995384173
290.444	0.12313601019667472
290.972	0.122550758609524
291.504	0.12283114737479643
292.032	0.12353156493864684
292.563	0.1234122934025753
293.091	0.12280554806355107
293.619	0.12322867932542117
294.148	0.12341230269057464
294.68	0.12345205955793577
295.209	0.123558113041718
295.741	0.12374905605705136
296.269	0.12406645543737688
296.8	0.12379060647161484
297.329	0.12439734027438717
297.858	0.12448113844482792
298.385	0.12494447701341421
298.917	0.12496460012421438
299.442	0.12485606394926231
299.974	0.1254462311696445
300.517	0.12575326266920983
301.135	0.12559944314456076
301.664	0.1257592763812652
302.197	0.1258980906345134
302.726	0.12672921831785033
303.258	0.12667494313265468
303.787	0.1269013860548716
304.319	0.12703679119864625
304.847	0.12680011170281144
305.378	0.1270012726776405
305.907	0.12679230419680038
306.439	0.1279159494680886
306.968	0.1275575791522995
307.504	0.1273564118247035
308.032	0.127933387056009
308.559	0.12762691961549968
309.087	0.12777926139538018
309.617	0.1280565599969395
310.145	0.12834771931957872
310.677	0.1284938591244884
311.206	0.1290363587667511
311.737	0.12901728504091586
312.265	0.1288622299803172
312.797	0.12969774802260914
313.324	0.12921918682718445
313.852	0.12985250145908236
314.379	0.12999849755044765
314.912	0.1296562412682032
315.44	0.13028871359356742
315.971	0.1309142465264347
316.5	0.13093898268910462
317.032	0.1305570683672203
317.56	0.1302357229111468
318.092	0.13092020677162727
318.62	0.131367618839197
319.147	0.1316204081515082
319.67	0.13181500919375883
320.211	0.1323114403668126
320.816	0.13163830206418867
321.341	0.13218572605832266
321.866	0.1328051333679559
322.392	0.13272100518230345
322.917	0.1322901902544765
323.447	0.13267349420770613
323.974	0.13322487497298532
324.504	0.13316681839304387
325.033	0.13373524775890278
325.564	0.13390731109204906
326.093	0.13398882899597456
326.625	0.13441741920270933
327.154	0.13430601495830416
327.686	0.1347918409589827
328.213	0.13414450871107006
328.744	0.13481230584077974
329.272	0.1352094392266316
329.805	0.13543310411978174
330.333	0.13498556030602823
330.865	0.1357110222115214
331.394	0.1360641735123493
331.921	0.1357118546092001
332.448	0.13556896189238438
332.977	0.13640909949333335
333.505	0.13623656510148052
334.039	0.13679586593067872
334.567	0.13637577251906144
335.1	0.1367287885663417
335.628	0.13696861678667055
336.157	0.13754315692631544
336.685	0.13726175312512137
337.216	0.13707876310181805
337.745	0.13737734603917462
338.277	0.13779972622053419
338.805	0.13781677256406438
339.336	0.13842186265240386
339.864	0.13854166870718687
340.412	0.13813611701986458
341.021	0.13911975148134137
341.554	0.1386105150945679
342.083	0.1387988035741231
342.614	0.13928786721221714
343.144	0.13916400066231843
343.675	0.1394778292392869
344.203	0.13960052458276287
344.735	0.13976842282548008
345.261	0.1400564221472265
345.791	0.14044153817741398
346.32	0.14032415346693308
346.851	0.1405205583607933
347.38	0.14030322334189171
347.908	0.14048268069296668
348.436	0.14085801981769538
348.969	0.1413354817776485
349.498	0.14147602583649935
350.029	0.14109803929196937
350.557	0.1410672616423463
351.09	0.14175607801942622
351.618	0.14177784167829063
352.15	0.14193182707740168
352.677	0.1419690704455773
353.209	0.14220462916564522
353.738	0.14217491481931066
354.27	0.14265981609071604
354.797	0.14282608618191692
355.329	0.14303069014263986
355.857	0.14326668609894397
356.389	0.1432135279461113
356.917	0.1430331362124772
357.444	0.14387243595744334
357.97	0.1438262308944313
358.502	0.14428133204820778
359.032	0.1441075877407567
359.564	0.14369937750519046
360.102	0.1437774650031732
360.718	0.1444566917848254
361.247	0.14402834119190558
361.773	0.14473356489346348
362.296	0.14499729823620194
362.826	0.14498230146004754
363.353	0.1451616976652887
363.885	0.14537424011538994
364.413	0.1457053803098599
364.939	0.14581758369558306
365.466	0.1458466561144159
365.997	0.145795732700933
366.521	0.14617311542933256
367.053	0.1465521372059569
367.58	0.1466468732692382
368.111	0.1469737114796167
368.636	0.14729422484370014
369.164	0.14725121109554137
369.69	0.14721820281526732
370.221	0.1473020884567235
370.751	0.14823489027877748
371.282	0.14849101707412077
371.81	0.14790834680191822
372.343	0.1486281519409859
372.871	0.14861804993730382
373.402	0.1483056929288877
373.932	0.14907873063064242
374.464	0.14876481347640713
374.993	0.14910190461199624
375.521	0.1496901310709196
376.049	0.14930211736563123
376.581	0.15028679824555208
377.109	0.15027653146693992
377.641	0.15016509878923237
378.169	0.1504290508229286
378.701	0.1504700319678432
379.31	0.1508997650815059
379.842	0.15084996231140047
380.397	0.1513824847365024
381.019	0.15115530890902143
381.547	0.15144475691891363
382.075	0.15176248211031185
382.602	0.15171142697207227
383.135	0.15177381142082866
383.663	0.15256280444019618
384.195	0.15221032878317015
384.724	0.15269851031564124
385.34	0.15276196017728116
385.874	0.15299618853307137
386.407	0.15315464131830525
386.934	0.15299929381972738
387.467	0.15306470818203094
387.994	0.15311292543475843
388.523	0.15379797762877162
389.052	0.15341342227863336
389.583	0.15358181609797267
390.111	0.15404084508494348
390.643	0.15435725048603285
391.172	0.15429636587711443
391.704	0.1546195609595637
392.233	0.1544410749095159
392.765	0.15490947062014915
393.291	0.15496020372853073
393.823	0.15550153666258207
394.351	0.15501983248850845
394.884	0.15503363627159095
395.411	0.155954253199264
395.942	0.15573097183029477
396.471	0.15603179321299812
397.003	0.1556219163510908
397.531	0.15595150759175755
398.063	0.15628155351004416
398.591	0.15643349864374248
399.128	0.15693826962057558
399.659	0.15639291695341664
400.186	0.15674825516358212
400.711	0.15753892880880577
401.243	0.15727107853232314
401.771	0.15734434237744124
402.302	0.15758689520512098
402.83	0.1580373298671066
403.362	0.15808525716871036
403.889	0.15806101739879477
404.42	0.15782225285137239
404.949	0.15832052630307195
405.481	0.15847598393587128
406.009	0.15857944239960706
406.541	0.15844865216697174
407.066	0.15918494147782103
407.597	0.15893801876357053
408.123	0.15918841715433688
408.655	0.15959267098310598
409.182	0.15978627290621536
409.714	0.15991482212940156
410.242	0.15992612589887306
410.776	0.16025328889945065
411.304	0.16059267119499018
411.842	0.1602970328128465
412.369	0.16068933292003112
412.9	0.16052449137345862
413.515	0.1613217941785455
414.042	0.16101703670575018
414.569	0.16137716925022358
415.101	0.1613447606206845
415.629	0.1621877992433683
416.161	0.16189671576232303
416.689	0.1621712461615601
417.22	0.16188988599247417
417.749	0.16240829869253595
418.282	0.1629394783459354
418.81	0.16293627905661381
419.342	0.16302667255375541
419.87	0.16327381880133068
420.403	0.16372455226985527
420.931	0.1637392649976104
421.463	0.1639883631383354
421.991	0.16389774437190757
422.519	0.16435195565884084
423.047	0.16397935925014376
423.579	0.16508524195607419
424.108	0.1645827042996808
424.639	0.16510134469182114
425.167	0.1654206120207006
425.699	0.16524509069489637
426.32	0.16538644842286443
426.849	0.16542751875865055
427.376	0.1656563016728529
427.908	0.16601874079956414
428.436	0.1659752019182755
428.968	0.1660275351367134
429.496	0.1666343209992212
430.028	0.16638035514404736
430.637	0.16656771408131926
431.168	0.1669862948985613
431.694	0.16708923979104706
432.221	0.16707645820517433
432.748	0.16679470286418002
433.281	0.16822759436115245
433.809	0.16792610541544403
434.339	0.16747915864601806
434.868	0.16802487528899632
435.397	0.16875822580923966
435.925	0.16778811379192096
436.457	0.16840428433113266
436.984	0.1683537851744395
437.516	0.16879491215617085
438.045	0.16956722266404162
438.577	0.16904369150187443
439.106	0.16976184464631464
439.64	0.17001115202440975
440.168	0.1697494288025896
440.696	0.1700769063004954
441.224	0.16973664791574727
441.756	0.17012481033397958
442.284	0.16993649737261096
442.812	0.17072947255613183
443.339	0.1711625570682975
443.874	0.17048994466333223
444.403	0.1713650785247061
444.935	0.17086950171871532
445.464	0.1717493326825161
445.994	0.17155603617872905
446.521	0.17203637605594252
447.054	0.17153302567205733
447.582	0.1719014836346643
448.113	0.17276715097984421
448.639	0.17282565663898322
449.171	0.17292067284211432
449.699	0.1727177770774555
450.231	0.17350669927417195
450.839	0.1732475098754965
451.37	0.17337894707559726
451.899	0.17336700685592277
452.433	0.17384506646164713
452.958	0.17413504050076437
453.486	0.17425320081994786
454.014	0.17427491515062307
454.54	0.17391220152299489
455.066	0.17449110106945154
455.598	0.17467366467752146
456.125	0.1747929977205286
456.657	0.17534592304202332
457.186	0.17480235336528926
457.717	0.1756562758262382
458.243	0.17564029299829845
458.772	0.1760569794456313
459.3	0.17604141024787945
459.83	0.17654717568076383
460.355	0.175986104052383
460.886	0.17666001491492966
461.415	0.17682375040659937
461.946	0.17669402822092758
462.471	0.17718609905018187
463.003	0.17723612068825223
463.531	0.1771622966083297
464.062	0.17739279412609466
464.589	0.1777835534370735
465.12	0.17825838507414649
465.649	0.17771751983288317
466.176	0.17797238205044486
466.704	0.17868658946254332
467.231	0.17832800433676194
467.759	0.1786954735908917
468.291	0.1788526298265225
468.819	0.17940084052612257
469.353	0.17924688328579116
469.881	0.17916403814052712
470.502	0.17927043061154285
471.031	0.18000815162235226
471.56	0.18012418504203837
472.085	0.18016003484152024
472.618	0.17986000819047715
473.145	0.1797755215503677
473.677	0.18059434561074397
474.205	0.18056868160426692
474.737	0.18075690467604996
475.264	0.18123927115175587
475.797	0.180892046736396
476.323	0.18170232453943824
476.855	0.1818449023363911
477.384	0.1816138014412049
477.915	0.18237490594864236
478.444	0.18193134593868207
478.97	0.18264999312305422
479.499	0.18275595335145928
480.031	0.1823150874477874
480.559	0.18283836977901194
481.09	0.1830099556993497
481.616	0.18309234547738773
482.143	0.1828674269953409
482.67	0.18346448843071372
483.202	0.18335770612316266
483.73	0.18384566675964717
484.26	0.1839493139234635
484.788	0.18404945198218842
485.319	0.1841397277553978
485.848	0.18492212890393125
486.379	0.18443467265264654
486.997	0.18415675400880172
487.529	0.184367548695986
488.057	0.1854002923980289
488.589	0.18561541317652294
489.113	0.18603379912871015
489.645	0.1862405657431365
490.174	0.18571653964873017
490.706	0.18599913818832145
491.235	0.1863759434026178
491.767	0.18605384935175265
492.295	0.186800440956542
492.827	0.1869995289511433
493.441	0.18689424849477615
493.972	0.18712157529125595
494.5	0.1872940592727102
495.029	0.18707021614449082
495.557	0.1874959872369951
496.089	0.18770069774467665
496.617	0.18821301414309513
497.15	0.18789494450805197
497.678	0.18826953954139714
498.211	0.1887695470604623
498.739	0.1882947863308582
499.271	0.1892577288297343
499.795	0.18912717709642823
500.321	0.18854820065999384
500.843	0.18882086470992718
501.369	0.1894629207827642
501.892	0.18974456009811916
502.419	0.18992434959542925
502.945	0.19024635557119735
503.475	0.1902838974715689
504.001	0.1904108992842954
504.531	0.19069897620554177
505.059	0.19067362454511655
505.59	0.19135801259842977
506.118	0.1905130885653714
506.646	0.1908165699914422
507.173	0.191465899192351
507.706	0.19142667939720337
508.233	0.19172978809637228
508.766	0.1922664675157852
509.294	0.19165651696343955
509.825	0.19214938895303044
510.353	0.1925390772227654
510.885	0.19292196301781017
511.413	0.19306144099978761
511.944	0.1933752245608245
512.47	0.19309159291418654
513.002	0.1934355557839894
513.528	0.19411481018268056
514.059	0.19354335066988604
514.588	0.19355762710477364
515.119	0.19445025261973203
515.647	0.19451530659832278
516.179	0.19461011607384898
516.708	0.19428406380167232
517.243	0.19461353205515972
517.769	0.194928297080683
518.3	0.19520863614092726
518.829	0.19548070011475355
519.361	0.1958893146988935
519.889	0.19552610425261235
520.42	0.19588553769047706
520.948	0.19614951339208003
521.477	0.19615099803848424
522.006	0.1961991269356716
522.538	0.19669515895915238
523.066	0.19686089427946063
523.597	0.19704626217288854
524.125	0.1966432355500946
524.656	0.19712619331672993
525.273	0.1975180902061813
525.8	0.1972395707103979
526.328	0.19788794458139758
526.858	0.1981448397110718
527.385	0.19840849864220286
527.916	0.19849983631486764
528.445	0.19848335221107194
528.973	0.1984138788671896
529.5	0.19886388039988281
530.031	0.19845536796969593
530.56	0.19912818149196068
531.092	0.19939242649812047
531.62	0.19964878481418852
532.151	0.19978306885275757
532.679	0.19950817360810982
533.21	0.20019075972080708
533.738	0.20022555365963898
534.267	0.20006451426690222
534.795	0.20118390808418818
535.327	0.20077445671813457
535.855	0.201319164730907
536.384	0.2010421811713763
536.913	0.2011612843491086
537.443	0.20102576000261443
537.971	0.20200171658079705
538.504	0.2015944361497845
539.031	0.20176452564822364
539.562	0.2018772040310986
540.09	0.202024631145104
540.622	0.2020767764903511
541.151	0.2024974567451463
541.682	0.20279383889212793
542.21	0.20297617479450447
542.742	0.20289179194780588
543.27	0.20312284408444117
543.802	0.2038759431908142
544.331	0.2030442253870357
544.863	0.2034142234948303
545.39	0.2036930830641455
545.922	0.20355815469005578
546.45	0.20399569044381413
546.982	0.20474238789822802
547.509	0.20462113528486842
548.042	0.2053283284164379
548.57	0.20525395195078797
549.099	0.2050943613646348
549.627	0.20538809599002866
550.155	0.20561902877555094
550.682	0.20649342675314708
551.22	0.20615060795042747
551.749	0.20634575699083615
552.278	0.20610417139004314
552.806	0.20655903087229624
553.338	0.2070530685839155
553.867	0.20654977664843
554.398	0.20747348305374363
554.927	0.20684593303830612
555.453	0.20736187197653588
555.976	0.20749331535860518
556.501	0.2074364209041316
557.028	0.20838370337164872
557.56	0.20799748985216523
558.087	0.2082225476443099
558.618	0.20842147615349058
559.146	0.20897823013586134
559.677	0.20893138013260215
560.206	0.20919199566655527
560.738	0.20861214069665562
561.267	0.20918727495807082
561.794	0.20924983669389938
562.321	0.20908434207231424
562.853	0.2097352214596346
563.379	0.20929222234310674
563.91	0.210192462367965
564.439	0.20999046683360442
564.97	0.21034285917819923
565.589	0.21053890660867158
566.121	0.21079750121338292
566.646	0.21078482202061735
567.176	0.21032433009776344
567.703	0.21114831953428959
568.234	0.21108105963091683
568.763	0.2118958151294908
569.295	0.21136289081361057
569.822	0.21209725184619893
570.354	0.21170167676410145
570.885	0.21148792275013129
571.418	0.21183678950443222
571.945	0.21202382411236192
572.476	0.2126633753715824
573.005	0.21314573111824967
573.532	0.21307824716900162
574.06	0.2132577082672529
574.591	0.21322306479261482
575.12	0.21279159686577034
575.652	0.21375972266725346
576.18	0.21415982516284088
576.711	0.21391116485821055
577.239	0.21427234981449594
577.771	0.2143913707738059
578.3	0.21467077020865422
578.831	0.21450723867944008
579.358	0.2150147084852584
579.89	0.2155581151387113
580.418	0.21533121723647108
580.95	0.2155805049013242
581.477	0.2155486879749435
582.005	0.2160181656064684
582.53	0.21541435855061114
583.061	0.2159154666802501
583.59	0.2158625408997572
584.122	0.21664398191192552
584.65	0.21690192775033046
585.182	0.21680564171277944
585.711	0.2166963066498591
586.242	0.21699753114328818
586.771	0.21696333162270307
587.303	0.217784184465233
587.831	0.21778433442985287
588.362	0.21806107524080956
588.891	0.2178669863925632
589.422	0.21834800176446173
589.95	0.21875933105646
590.482	0.2186955821689588
591.012	0.21799964516587164
591.544	0.21847035011322882
592.073	0.21909738859336506
592.604	0.2189297873738284
593.133	0.21922566495741258
593.662	0.2194503714759194
594.189	0.219580480526972
594.718	0.2193847759581389
595.245	0.2202858140773455
595.777	0.22046448393471677
596.306	0.22113892894151496
596.838	0.22103900804135956
597.366	0.22064499020157674
597.893	0.22064765636824568
598.422	0.22131433755894137
598.953	0.2210321319498087
599.481	0.22146153708357758
600.013	0.22132662415904122
600.542	0.22217523013029786
601.074	0.22225007121409246
601.599	0.22242588432496999
602.13	0.22212927651786019
602.658	0.22257766724520606
603.189	0.2230887031081855
603.718	0.22281288971732874
604.249	0.22399584495131383
604.778	0.2235692598225482
605.305	0.22336861456643364
605.833	0.2242080251824385
606.365	0.22398784368399133
606.892	0.22386085060216146
607.425	0.2241482349059951
607.952	0.22460244749922775
608.479	0.22438988953867545
609.006	0.22440993070740525
609.538	0.22487227071112006
610.066	0.22504099457939228
610.597	0.2249117852936859
611.123	0.22522487658752466
611.654	0.22518045309145693
612.182	0.22535035224157618
612.714	0.22557175076117017
613.243	0.22560141591231078
613.774	0.2260384552674656
614.302	0.22592272522638887
614.834	0.2257666216204675
615.361	0.22617835953404788
615.893	0.22681732663574314
616.423	0.22646485589467003
616.955	0.2271302112938681
617.483	0.2274502049104428
618.014	0.22785183459168093
618.542	0.22779576716457375
619.074	0.22783184294856665
619.603	0.2274138379598292
620.134	0.2279113186795039
620.662	0.2280434658413186
621.195	0.22849816109134813
621.813	0.22875414706245276
622.342	0.22861056688362033
622.869	0.2289186732024406
623.402	0.22924259014148907
623.93	0.22915898243698601
624.462	0.22929909608360555
624.99	0.2292883320175071
625.523	0.22960604039201146
626.052	0.22965720665177242
626.582	0.22970799779957718
627.111	0.23002578332878384
627.642	0.23015484256697422
628.17	0.23011926389044368
628.792	0.2302984828438207
629.321	0.23053758913689495
629.852	0.23097058282472724
630.38	0.2312397899385813
630.913	0.23083057228833467
631.438	0.23114149283165095
631.964	0.23160172463313586
632.486	0.23211758081130202
633.011	0.2319329029073986
633.535	0.23230726760388287
634.063	0.23253960337031623
634.591	0.23208474340796634
635.121	0.23229392158100895
635.647	0.23228945761894831
636.172	0.23269347515025474
636.696	0.2329074085402433
637.226	0.23280947732224463
637.753	0.23330288477084266
638.284	0.2331241990511998
638.814	0.2335059098400828
639.345	0.23372710289258064
639.875	0.23492473850171303
640.406	0.23447121139310648
640.934	0.23478136570162644
641.467	0.23431315579875972
641.995	0.23443939076168316
642.528	0.23424863672407042
643.054	0.23483463855484413
643.586	0.23490481659989168
644.115	0.23564623823867986
644.643	0.23546548688885968
645.17	0.23617950142438893
645.701	0.23593250140408759
646.227	0.23622689872564115
646.758	0.23630170876796092
647.287	0.2369203972898522
647.819	0.23674489958485517
648.347	0.23702267076418776
648.879	0.2368480246674196
649.406	0.23712296149058543
649.938	0.2371115931163628
650.467	0.23792634502826923
650.998	0.23787484290897956
651.527	0.23751425335197024
652.059	0.23795161868849185
652.587	0.2385930136215958
653.118	0.23865708111033435
653.647	0.2388837689804065
654.179	0.2385133018758176
654.708	0.23848175442421354
655.24	0.23885136705303642
655.764	0.23898836584689706
656.296	0.23907095766722414
656.824	0.23932107268736086
657.353	0.2394913611444136
657.882	0.24004598998900842
658.414	0.23962388542225133
658.94	0.23955757038198952
659.471	0.2401095906196382
659.999	0.24047811914580525
660.532	0.24049961042801374
661.061	0.2409610927451688
661.587	0.2406773512351074
662.115	0.24094927871246843
662.647	0.24102525674681133
663.173	0.24114532931789698
663.704	0.24179405058917638
664.232	0.24148025439831763
664.764	0.24200476106927074
665.29	0.24175901438831798
665.822	0.24206946119088474
666.35	0.2425428046212449
666.881	0.24291256872412464
667.409	0.24275812914481498
667.94	0.2429714910011914
668.468	0.24318144810635145
669.002	0.24336977855912184
669.531	0.24375253361678637
670.062	0.24344614321872232
670.59	0.24379173710643454
671.123	0.24412917405527204
671.65	0.2439907210239162
672.182	0.24419731222920554
672.709	0.24420414096685994
673.237	0.24430084449492226
673.764	0.24495833648278212
674.296	0.24534472317075334
674.825	0.24537963630003748
675.357	0.2452803690865932
675.886	0.24603472838405188
676.418	0.245485422958114
676.946	0.24550940310665775
677.477	0.2455162200296313
678.005	0.24638188641999187
678.538	0.24654596384476307
679.064	0.24637302192784427
679.595	0.2469335575028448
680.12	0.24683606304579203
680.651	0.2470704009750143
681.179	0.24731464834056013
681.709	0.24714635135894858
682.237	0.24761672794222825
682.769	0.2478691985595286
683.297	0.24817777081829162
683.83	0.24869951773347523
684.358	0.24826763857810644
684.889	0.24800776400399477
685.417	0.2483161670561597
685.948	0.2483579976390068
686.478	0.24823360194756497
687.005	0.24892554002548092
687.531	0.24955335735180775
688.064	0.24977948237568423
688.591	0.2500029487491048
689.123	0.25057347184503087
689.648	0.25028568208370533
690.173	0.25056454900163655
690.7	0.24999531183822607
691.231	0.25046145997235425
691.76	0.2498834921248037
692.292	0.25066798566022297
692.817	0.2508565060489029
693.343	0.2509076548346574
693.87	0.25101413777774906
694.402	0.2510371056476394
694.93	0.25155385811869985
695.463	0.25199215527732194
695.992	0.2512707781787889
696.522	0.2512736441441714
697.051	0.25228284556150316
697.583	0.2499406555692356
698.111	0.2507509383442474
698.642	0.25069234415229863
699.17	0.25108993456248546
699.702	0.2508286318055572
700.23	0.25117297645510095
700.761	0.25144092782666977
701.289	0.2516121910401188
701.821	0.2518289603317559
702.349	0.25154664728699083
702.882	0.25189472442249516
703.41	0.2520103967517122
703.941	0.25231967720506027
704.469	0.2522406805148645
705.002	0.2529285239655635
705.527	0.2519738953740584
706.059	0.2530153774576093
706.585	0.2531271615939618
707.116	0.2529581227030218
707.644	0.2534688689662302
708.176	0.25352263590425156
708.704	0.2533699738301253
709.237	0.25379388369800415
709.765	0.2545093367308063
710.296	0.2547258516927099
710.824	0.25417766233154787
711.353	0.2543938659189305
711.88	0.254038390869797
712.411	0.2547168932916435
712.941	0.25517670400544046
713.472	0.2549494800508268
714.001	0.2556279250395006
714.532	0.25534211864420764
715.059	0.2555798230683963
715.59	0.255680517813824
716.119	0.25649060867167
716.651	0.255332207589341
717.179	0.25662601051500145
717.711	0.25653017894057834
718.238	0.2566727059814173
718.768	0.256758338407803
719.297	0.25725732757230924
719.829	0.257431146435423
720.358	0.25777101151602333
720.888	0.25780804941275304
721.416	0.25769470218096485
721.947	0.2576154454497649
722.475	0.2573632096849956
723.007	0.2574097295758266
723.536	0.2584677928731911
724.067	0.25871292088756487
724.595	0.2590873184685485
725.126	0.25895991418466446
725.654	0.25955788813295916
726.185	0.25932502209470726
726.713	0.2599786047287467
727.245	0.2597175324718811
727.774	0.2606624256466824
728.307	0.26024436126566597
728.835	0.2605803413555306
729.367	0.26118849747055034
729.895	0.25998896454714915
730.428	0.26011519859794563
730.956	0.2597662530543547
731.487	0.2605785609545587
732.017	0.26060145203923435
732.548	0.26096910541003243
733.077	0.2618206429263714
733.608	0.2610885887714267
734.138	0.2615789648812402
734.669	0.2617863011467349
735.198	0.26180731804801427
735.729	0.26212487978061344
736.256	0.26206695750722486
736.787	0.26270009131477784
737.316	0.26247144070649686
737.848	0.26317668110854814
738.376	0.26288670418209836
738.905	0.26319642194226744
739.432	0.2633131813225489
739.96	0.2633031815416859
740.487	0.2639156388093451
741.019	0.2642979925365824
741.548	0.26374033341502495
742.079	0.26398949020097023
742.607	0.2644422250745202
743.14	0.2643745881371482
743.668	0.2642566975920867
744.2	0.2647023216737197
744.728	0.2652213738784699
745.257	0.2651983740326579
745.783	0.26538375125080427
746.315	0.2658530162223218
746.841	0.2659180462136174
747.373	0.2660025100997054
747.903	0.2661558685160064
748.434	0.2655821132551367
748.963	0.266224774878747
749.495	0.2668534868430963
750.023	0.2669490298747311
750.554	0.2669248632665359
751.083	0.26686340184913293
751.615	0.2679015842929129
752.143	0.2676037257875487
752.674	0.26719363109895683
753.201	0.2675932427247809
753.732	0.2675602410901546
754.259	0.2674967075722092
754.788	0.2681493081950267
755.316	0.2679772203511658
755.847	0.2689167708871008
756.376	0.26852619682956663
756.908	0.269171392043697
757.435	0.2695017751377066
757.967	0.26923300513332177
758.496	0.2690167179212007
759.028	0.26908090952306496
759.556	0.26924895472326105
760.088	0.26973007829197526
760.616	0.26985340589290857
761.149	0.27036737995613
761.676	0.27096131828667763
762.208	0.2706478266084871
762.735	0.27059306151747364
763.267	0.2709205249833443
763.795	0.2712091822266083
764.327	0.27128800605741005
764.854	0.2712221167741459
765.383	0.27172602257596584
765.907	0.27201284638901396
766.439	0.27140213765733323
766.968	0.27139474721373613
767.498	0.2724850611622748
768.027	0.27227418299124434
768.557	0.27254833397100736
769.084	0.2728347208763847
769.613	0.2724732995321881
770.141	0.2733949145055436
770.673	0.2731808940819417
771.2	0.2735518358861523
771.731	0.2732291308605816
772.259	0.27365134341450265
772.792	0.273237387598134
773.32	0.27343547566796444
773.852	0.2740415955903045
774.38	0.27405807719004877
774.912	0.27439260780436825
775.439	0.2746495588727116
775.971	0.2741705425825246
776.499	0.2746950760205438
777.028	0.27458756804071904
777.555	0.27516175475476184
778.086	0.2756826900021874
778.615	0.27557410247684244
779.146	0.2757691004501686
779.674	0.2761462677785223
780.298	0.2760105267175888
780.823	0.27622110737819816
781.356	0.2760453489715116
781.882	0.2763032911971046
782.411	0.2760056869965801
782.937	0.276766366901551
783.469	0.27732599387871415
783.997	0.2770604281949973
784.529	0.2771677027191997
785.058	0.2770644919842257
785.59	0.27767331715775906
786.119	0.2778503870494325
786.647	0.2776856685087994
787.174	0.2779971388319476
787.705	0.2778109071965473
788.234	0.27854413792669236
788.766	0.2784017570922885
789.294	0.2787444636202566
789.826	0.2788473429771136
790.354	0.2792008767959757
790.885	0.2798785394598319
791.412	0.27980767083868696
791.944	0.28012362208720737
792.473	0.2799541038865652
793.0	0.28038325538136555
793.529	0.2797866830331233
794.062	0.28061153548184137
794.59	0.28018166996594535
795.121	0.28035625726306684
795.65	0.28023626941249385
796.18	0.2810912757212686
796.71	0.28170102362565164
797.238	0.2816030614701023
797.765	0.2818961478185232
798.298	0.2815596276090555
798.825	0.2819614608675253
799.356	0.28167042525072367
799.885	0.28170489443665886
800.417	0.28204217548752686
800.946	0.28220126554548747
801.478	0.28274868305845813
802.006	0.28286949807084455
802.539	0.2826523302308067
803.067	0.28303282917326467
803.597	0.28348626671544225
804.124	0.2834613599610196
804.656	0.28397553635845707
805.182	0.28337373361757817
805.714	0.28335194121709956
806.243	0.28363476688910155
806.774	0.28392679747452143
807.303	0.2843713725745266
807.834	0.2842587018411712
808.362	0.2844841331406098
808.894	0.28400126513095325
809.422	0.28451760074530813
809.954	0.2853851569875186
810.483	0.28586329227276147
811.015	0.2858159398144279
811.543	0.28526723262267023
812.075	0.2860639560326254
812.602	0.2860999084798558
813.133	0.28593315899551275
813.661	0.286349447469201
814.193	0.2868400662174469
814.722	0.2864803774823266
815.254	0.28722529676616737
815.783	0.2865255667121471
816.31	0.28721663845598194
816.838	0.2875337858807768
817.37	0.28757409174004084
817.898	0.2875694565018789
818.43	0.28785389974323633
818.959	0.2884326907859526
819.49	0.2884177164241191
820.017	0.2876888210742431
820.55	0.2885382504864244
821.078	0.2887140017154379
821.609	0.2898180179674771
822.138	0.2893650512741299
822.67	0.28969978817264863
823.197	0.2899294068795492
823.729	0.2897857308200904
824.258	0.289876840229904
824.785	0.2897377209273623
825.313	0.29025328182733856
825.845	0.2898805747580848
826.373	0.2900776005071119
826.901	0.290235311633307
827.427	0.2907948341519288
827.96	0.291452159652842
828.488	0.2915802798821815
829.022	0.2916704017972565
829.547	0.2913493940130962
830.079	0.2918676819320078
830.607	0.29199275150544496
831.139	0.29206323334076567
831.668	0.2912920562279358
832.2	0.29187512473451704
832.727	0.2931971050161357
833.26	0.2931392040039513
833.788	0.29267313531067274
834.319	0.2923799500441336
834.846	0.2935747546383811
835.377	0.29338070689593176
835.906	0.2928236844486802
836.529	0.29351560454463527
837.057	0.2931698171387758
837.588	0.29403350287023794
838.117	0.2939172863955752
838.649	0.29424147109417703
839.177	0.29435434233692537
839.704	0.2946193019844383
840.231	0.2946482029788068
840.759	0.2947154892719522
841.286	0.29553960698620824
841.818	0.2953379825049831
842.347	0.2953843510398766
842.879	0.29581365128093867
843.406	0.2962444717667021
843.938	0.29563386184278256
844.559	0.2963592582443802
845.091	0.2963784034395671
845.62	0.29568910637334356
846.153	0.29698201207652836
846.68	0.2966450502195006
847.208	0.2969704946927722
847.734	0.29671783755437514
848.263	0.29701514943141205
848.79	0.2978912474213946
849.322	0.2973770784784959
849.85	0.2971759154417994
850.382	0.2978075564008938
850.91	0.2981068323244752
851.442	0.2983340780534404
851.968	0.2983024043483657
852.499	0.2981611880002253
853.118	0.2983815907466588
853.651	0.2988506173607408
854.178	0.2991838400209211
854.711	0.29894457986069284
855.238	0.29935375557926586
855.77	0.29877636561439336
856.298	0.2996086692050689
856.829	0.2996927212265376
857.359	0.29986110893706797
857.889	0.30020022411417807
858.418	0.30057519669254523
858.949	0.29960292768457825
859.478	0.300395956987192
860.009	0.30051223484057726
860.535	0.30080241789244644
861.066	0.3006153895457463
861.595	0.3007008670928993
862.126	0.3010091921561525
862.655	0.30121356486165085
863.186	0.3012691751590729
863.714	0.3015066779515368
864.246	0.30162064590712434
864.776	0.30157487228116014
865.307	0.30195627351327387
865.836	0.30267765300865507
866.367	0.30231344515815806
866.896	0.3025489320434845
867.422	0.3028559857257396
867.95	0.3031142223884871
868.482	0.3030298733575762
869.01	0.30307480617578453
869.542	0.30337089386074273
870.07	0.30321564422132347
870.602	0.3033572982166965
871.13	0.3034811120412085
871.662	0.30441934592976816
872.191	0.30380028449832713
872.722	0.3049401764948368
873.25	0.3041404178029545
873.781	0.30447592675250185
874.308	0.3052929885755918
874.839	0.30507885311877053
875.367	0.30546021112339455
875.898	0.3054361533956722
876.427	0.305748644594214
876.959	0.3053650511958166
877.488	0.3062958444964282
878.019	0.30614423407084584
878.547	0.3061754393141258
879.079	0.3068751844623355
879.607	0.3063732046294203
880.139	0.3071072105010991
880.667	0.3063926132790477
881.2	0.30697004805777184
881.728	0.3072074024805711
882.26	0.3075312461228851
882.789	0.3079252683033209
883.318	0.3073881137825138
883.846	0.30793877712691153
884.375	0.3079756544799472
884.903	0.30768109872100297
885.435	0.30840963843414565
885.961	0.30843375873082346
886.494	0.309052344674564
887.023	0.3086507848596857
887.554	0.30880892742151833
888.083	0.30937318039393197
888.614	0.30926589693148654
889.141	0.30891435457089794
889.674	0.30932927730956505
890.201	0.30970963545202035
890.732	0.30967647490737044
891.261	0.3096351105651912
891.793	0.3101058948362315
892.321	0.31008201743307856
892.852	0.3105048446272053
893.381	0.3106697534684593
893.913	0.3111906205696896
894.441	0.311467001870564
894.973	0.3113569051355509
895.501	0.3111727131012812
896.034	0.3120903139391327
896.56	0.3119887904157294
897.092	0.31134452771499715
897.626	0.31161724297681526
898.155	0.3128023039545805
898.683	0.31247259315076015
899.215	0.3122623473129274
899.742	0.3126252866315259
900.274	0.31320204523895445
900.802	0.3128680663376256
901.334	0.3125666673443687
901.863	0.313067071154454
902.394	0.31301097843045284
903.011	0.3130452289342266
903.542	0.3133307825496776
904.071	0.31386723420619506
904.601	0.31425061170684615
905.129	0.31414592708400785
905.662	0.3151810036298041
906.19	0.3149543463723843
906.723	0.3147834383726419
907.251	0.31420254624743443
907.778	0.3151523100603343
908.307	0.31504830897868047
908.834	0.3155536517586477
909.362	0.31512948739982977
909.89	0.3161478714271707
910.418	0.3155828299270047
910.949	0.31664150010225856
911.477	0.3161847407095878
912.008	0.31708198988284564
912.537	0.31684822343562474
913.069	0.31701251874627673
913.597	0.31676983321052127
914.129	0.3166089419380317
914.658	0.317199656165824
915.191	0.31764473230381157
915.719	0.31726221452173
916.25	0.31759903903540054
916.778	0.31738806354102583
917.309	0.3181216767234742
917.838	0.31812691939088067
918.371	0.3183750941974919
918.898	0.3183158218639137
919.429	0.3185832160414725
919.955	0.3191736282818742
920.479	0.31879733595867493
921.003	0.319347387702038
921.532	0.3192191145177844
922.058	0.31944772978481284
922.589	0.3195026682599786
923.116	0.3196606178543146
923.647	0.32015296569380297
924.176	0.3199409126851791
924.704	0.32025385228125636
925.232	0.32016227089876875
925.764	0.3204905959527256
926.291	0.32052677310400446
926.822	0.3207027017049362
927.351	0.3210172336273147
927.876	0.3205147772927794
928.402	0.3216316117265088
928.934	0.3213163993502614
929.46	0.32195582887642704
929.992	0.3219365416797379
930.52	0.3225161861574478
931.051	0.32191808542743505
931.577	0.32188185451456597
932.106	0.32243055537836185
932.633	0.32255490631975575
933.165	0.3221043539685056
933.695	0.32370332491570053
934.226	0.3234177305103318
934.755	0.32314382335781355
935.282	0.32300808635464284
935.81	0.3238487588612131
936.342	0.323675283406295
936.871	0.3235454117984865
937.403	0.3245362907765829
937.931	0.3239604580968673
938.464	0.3250088012906867
938.991	0.3251684112778369
939.524	0.32478135961926613
940.053	0.32482054467953453
940.584	0.32463845702782257
941.111	0.3243019999088478
941.642	0.3249203510220186
942.17	0.3256418245853117
942.702	0.32627644982258464
943.23	0.3262701376167318
943.762	0.3261661381886448
944.29	0.32599731367641815
944.822	0.32606960726253464
945.348	0.326449314960649
945.88	0.32688636414527256
946.406	0.32661943792606946
946.935	0.32708574503672133
947.462	0.32737590773043485
947.992	0.32674813225184235
948.521	0.32729884789196567
949.05	0.32650032966493325
949.577	0.3274534362093742
950.109	0.3275968325812592
950.638	0.32822470890385336
951.169	0.32792381279672667
951.696	0.32872656244106335
952.23	0.32828406374717595
952.759	0.3286982163708464
953.292	0.32921661551109566
953.82	0.32918870909942993
954.351	0.3290238495634323
954.881	0.32919068931336903
955.413	0.32932965951647186
955.938	0.3292769169672313
956.469	0.3296275269628062
956.997	0.32998934888519293
957.529	0.33040520209385543
958.056	0.3301718306340555
958.589	0.3295446507377676
959.117	0.33026352421606886
959.656	0.33063420660178244
960.182	0.3305220331449669
960.713	0.33185782039740686
961.241	0.33094662760461535
961.773	0.33138311118800695
962.398	0.33157049234690206
962.929	0.3315140425632322
963.458	0.3319127206842574
963.99	0.3318687724398588
964.519	0.3318410858699556
965.05	0.33299986659440173
965.579	0.33303667534879067
966.111	0.3325876170233484
966.639	0.3326186854593069
967.171	0.3330984931714893
967.788	0.332776984961679
968.319	0.33352374044042526
968.846	0.33378809628607325
969.377	0.33393732836301937
969.905	0.3342821569903679
970.436	0.3333183957450828
970.965	0.3341272420443934
971.497	0.33451371521391154
972.025	0.33462556468530996
972.557	0.3347456777669597
973.086	0.3341816982125842
973.618	0.3352157251121427
974.146	0.33531193282110877
974.677	0.33532898851472154
975.205	0.33469910360921173
975.732	0.33583672493986105
976.355	0.3353421573064919
976.889	0.33595437413128837
977.417	0.33622912178113246
977.949	0.33639550805665236
978.478	0.3359724271801374
979.008	0.33654001923637866
979.537	0.3365429167486447
980.069	0.33640494400317145
980.597	0.3367957592355976
981.129	0.33709775019916166
981.655	0.3376347002792815
982.186	0.3376154955550929
982.715	0.33793709346271716
983.247	0.336647023672402
983.776	0.3378379613672371
984.307	0.3373571857111496
984.835	0.3384276887695353
985.366	0.33838688777639137
985.894	0.33854923284243155
986.426	0.33899796910345786
986.953	0.33827176311023843
987.485	0.33861597870144394
988.014	0.3390568316495003
988.546	0.33881884592035083
989.075	0.3390594432228718
989.604	0.33947276585747366
990.132	0.3391564798613324
990.665	0.33936853587151095
991.195	0.34011374484546764
991.726	0.34045122120324295
992.255	0.3396867526184356
992.787	0.3400414250229945
993.313	0.340406796226345
993.847	0.340436363208936
994.375	0.34029682448591153
994.907	0.34075108147446925
995.435	0.34094022831820414
995.966	0.3412527766519232
996.492	0.34079762085113446
997.024	0.34148709830608104
997.553	0.34197843420370044
998.085	0.3419462093001719
998.614	0.3423533396673189
999.146	0.342553129798525
999.674	0.34203054648919384
1000.206	0.34268020245066266
1000.734	0.34258961210901
1001.263	0.34293679978950536
1001.791	0.3428450698256305
1002.318	0.3429723106262666
1002.846	0.3419122806334553
1003.378	0.34301718028015327
1003.906	0.3434284913548548
1004.436	0.3438031126881958
1004.964	0.34337632358569875
1005.495	0.34448923268313253
1006.02	0.34331274741778695
1006.552	0.34419366449722255
1007.175	0.3438672354243651
1007.706	0.3442324757410171
1008.234	0.345307832630575
1008.765	0.3444426450341803
1009.293	0.34532397299741785
1009.826	0.3449258224834383
1010.355	0.3458167741144347
1010.887	0.3456643924940414
1011.415	0.34658588349115943
1011.947	0.3464113196787427
1012.476	0.34556922656516126
1013.008	0.34557790495645646
1013.533	0.3464707531266457
1014.064	0.3466534258360067
1014.593	0.3466996207970998
1015.122	0.34682880886828454
1015.65	0.347566882440161
1016.182	0.34707415401563324
1016.71	0.34719826496763295
1017.243	0.3474058858608102
1017.771	0.3480687278606014
1018.302	0.34761537191473896
1018.827	0.3480884078592351
1019.359	0.3482366254554755
1019.888	0.348540174743374
1020.42	0.3482979915404244
1020.947	0.34902285566269037
1021.479	0.3485543083017777
1022.007	0.34956909595977576
1022.538	0.34956362361252125
1023.067	0.34987218712380536
1023.598	0.3491879598456026
1024.127	0.34993258112578185
1024.658	0.34963476105466273
1025.187	0.3495904756208142
1025.713	0.3497757223868068
1026.241	0.3504009394670973
1026.773	0.35077118335980295
1027.3	0.3508912863557058
1027.832	0.35088606046032356
1028.359	0.3510416039973099
1028.891	0.35139548601748766
1029.419	0.35080251907581883
1029.95	0.3510755281999307
1030.479	0.35145795671217256
1031.011	0.35154293459627245
1031.54	0.351648803831189
1032.073	0.35169578003487856
1032.6	0.35186830604744596
1033.128	0.3526237340644579
1033.655	0.3517658779281095
1034.187	0.3524094241581658
1034.715	0.3526074533522583
1035.247	0.3523285597184047
1035.774	0.3526563778110956
1036.306	0.35310663290289085
1036.834	0.3532770573916047
1037.366	0.3533072142616854
1037.894	0.3533399966932882
1038.426	0.35393940027272874
1038.955	0.35402440594793855
1039.487	0.3532351044908559
1040.014	0.35439419364383884
1040.541	0.35396030941817946
1041.066	0.35434150865905967
1041.598	0.3540703153244254
1042.126	0.3544548080992014
1042.659	0.3549754232061401
1043.186	0.3554634730721829
1043.718	0.3553157436845462
1044.246	0.35546127788270965
1044.778	0.3553160810533572
1045.306	0.3558910257335303
1045.837	0.3554978371836985
1046.365	0.356588276137996
1046.898	0.3563343467252345
1047.426	0.3561794107639156
1047.958	0.35651947434716447
1048.487	0.35623740626778794
1049.019	0.35617623258732956
1049.543	0.3569428988026708
1050.075	0.35742784310094494
1050.604	0.35725785038333846
1051.136	0.35682936450221747
1051.663	0.3575252554686896
1052.195	0.3573269467057344
1052.723	0.35757320310113533
1053.256	0.3580067646453691
1053.784	0.35805631692453804
1054.312	0.35827503511586917
1054.839	0.3583597546685756
1055.367	0.35856453471624605
1055.895	0.35895545353750574
1056.423	0.35880833198021983
1056.952	0.35920488243782106
1057.484	0.3589247103948474
1058.013	0.35921923534041295
1058.544	0.35962728976347297
1059.073	0.3598767509982834
1059.604	0.3597836028289406
1060.131	0.3604488421790543
1060.664	0.36010406096834896
1061.193	0.3603417949075282
1061.721	0.3602388445450887
1062.249	0.35970171009651636
1062.78	0.3609293564888572
1063.309	0.3610355630466749
1063.84	0.36049260034681474
1064.369	0.36141491360855255
1064.9	0.3612770624623951
1065.428	0.36189192033032763
1065.959	0.36183311523531625
1066.487	0.36180240424300814
1067.019	0.3626177791744366
1067.546	0.3617700059759756
1068.072	0.3617314569366369
1068.595	0.36215940749864045
1069.124	0.3615631098307296
1069.65	0.36285999032494026
1070.178	0.36220922100409525
1070.707	0.3632096799862243
1071.239	0.36309081878809946
1071.767	0.36319244992193617
1072.3	0.3636156292605376
1072.825	0.364184241282664
1073.356	0.364389029176028
1073.884	0.36403424685237185
1074.416	0.3647403246037941
1074.945	0.36431417600910493
1075.476	0.36479363634032147
1076.003	0.3643892775575061
1076.534	0.3638484868047065
1077.06	0.3648893499630129
1077.593	0.3647840469477888
1078.12	0.3649685408868915
1078.646	0.36542741805443235
1079.172	0.3655412648269501
1079.699	0.3655875302536468
1080.226	0.3662564259451456
1080.754	0.3658223610201394
1081.279	0.3659445855510303
1081.807	0.36668956150066984
1082.333	0.3668798409484254
1082.863	0.36653267862866207
1083.39	0.36628636143685356
1083.923	0.36707087978530484
1084.45	0.366874465763538
1084.982	0.36780988562727934
1085.51	0.3670508480474823
1086.041	0.36835422963548387
1086.569	0.3679010449499918
1087.101	0.3679089726053011
1087.629	0.36837373814625995
1088.161	0.36722772630053047
1088.689	0.3684535066538585
1089.22	0.3681207495266025
1089.748	0.3688150538500181
1090.28	0.3688012034850657
1090.809	0.36820401482674675
1091.335	0.36870876503018324
1091.862	0.36914421409694337
1092.394	0.3691657333775005
1092.922	0.36945003233327955
1093.454	0.36942650061057436
1093.986	0.36913987787495434
1094.518	0.36933178350099805
1095.045	0.3700057261531461
1095.577	0.37024595346789607
1096.106	0.37024144430749734
1096.633	0.3705626968301835
1097.162	0.3707539425003282
1097.694	0.3702095067409217
1098.222	0.3704685410284594
1098.754	0.37062135836030075
1099.282	0.37101992795716743
1099.816	0.3714026528475723
1100.343	0.37198383422251496
1100.876	0.37163470167865836
1101.404	0.37134357176771066
1101.934	0.37180040492738725
1102.464	0.37206551054748754
1102.995	0.3721864650634857
1103.524	0.3726904805342179
1104.056	0.3723983648319485
1104.583	0.37231544913351133
1105.114	0.37302549793978734
1105.642	0.37280297708579885
1106.171	0.37305365050854716
1106.699	0.37317821582794936
1107.231	0.3735513295978748
1107.759	0.3731978573063811
1108.286	0.37373648736517345
1108.813	0.3748529565033795
1109.345	0.373587565403535
1109.872	0.37421664959009304
1110.404	0.3744104949998549
1110.933	0.3745359959146181
1111.465	0.37507753772935043
1111.993	0.3749935114021076
1112.525	0.3753352108575943
1113.053	0.3751565653828142
1113.585	0.37512456465824234
1114.205	0.3753273111724487
1114.737	0.37581980134001086
1115.265	0.3760695430322297
1115.798	0.3758482531018907
1116.327	0.3761572051286152
1116.858	0.376312234471727
1117.386	0.376771905613911
1117.919	0.3762884790944021
1118.447	0.3769538972266195
1118.976	0.3761997833747077
1119.504	0.3775488416202997
1120.035	0.37671374451780504
1120.563	0.3775025164941524
1121.092	0.37750910201839166
1121.621	0.37759865633179057
1122.152	0.3774824649940676
1122.68	0.3775624343644859
1123.211	0.3773732243243228
1123.74	0.3785571091355233
1124.271	0.3778678621134372
1124.8	0.3781373138511001
1125.331	0.37829108967091674
1125.859	0.37929933107325664
1126.392	0.37926160136763853
1126.919	0.37977411775317177
1127.451	0.3787867602979833
1127.979	0.3796858947944869
1128.513	0.37906189723092787
1129.041	0.3795730773937138
1129.573	0.3799955667544106
1130.101	0.38016890717451324
1130.626	0.3798803129967449
1131.15	0.38025255693741167
1131.674	0.3814999822751601
1132.198	0.38003581257448726
