##################################################
# DATA EXPORT AND TRANSFORMATION REPORT
#
# Original File: 6.xlsx
# Experiment Start Date/Time: 2025-06-27 14:30:54
# Processing Date: 2025-07-23 12:59:48.069924
#
# Operations Performed:
# - Column 1 (Time): Read from Excel Column B (milliseconds), divided by 1000.
# - Column 2 (Absorbance): Read from Excel Column C, comma decimal converted to dot decimal.
##################################################

Time (s)	UA
12.382	0.08180115507832589
12.988	0.08150947532268135
13.519	0.08146545312320726
14.045	0.08197003852772604
14.575	0.08152969142544435
15.103	0.0813105694015573
15.635	0.08141518290602877
16.161	0.08168641760550147
16.693	0.08159757020010402
17.221	0.08151024038934761
17.749	0.08242497682945794
18.277	0.08178055807816542
18.809	0.08160264194605614
19.337	0.08126175589693171
19.869	0.08121093658145621
20.419	0.08120193003887659
21.035	0.08133954249496089
21.564	0.08197227850870742
22.096	0.08112167195811304
22.624	0.08139600873151516
23.156	0.08129271863381503
23.686	0.08123294858321477
24.217	0.08134871630831907
24.745	0.08064587405912171
25.277	0.08101478861505905
25.805	0.08135684688921228
26.337	0.08092319740476164
26.865	0.08064832353444859
27.397	0.08076712856959072
27.925	0.08080954660313737
28.456	0.08062497825384934
28.984	0.0814090986862182
29.516	0.08089145710128422
30.045	0.08094706323304449
30.572	0.08065175556735987
31.098	0.08097627114136566
31.63	0.0806313431476954
32.158	0.08044032925156491
32.691	0.08057559765964627
33.219	0.0801317622865369
33.751	0.08125196304815573
34.278	0.08103556763558843
34.811	0.0810905444628758
35.339	0.08100872907977463
35.871	0.0812375876330536
36.399	0.08084790442478768
36.931	0.08124490748939174
37.458	0.08119572539246474
37.99	0.08109578863585562
38.518	0.08155168266659742
39.05	0.0817294030376099
39.578	0.08131639451244704
40.125	0.08156631155471615
40.717	0.08120881903711336
41.249	0.08205674810123148
41.777	0.08176641769524091
42.309	0.08209619899034362
42.838	0.08218331684416162
43.37	0.08201918384062609
43.898	0.08281307633326322
44.43	0.08227246745674684
44.958	0.08239395619306354
45.487	0.08301527853447181
46.016	0.0835520725994882
46.547	0.08338744966162978
47.076	0.08311609783386847
47.609	0.08371804983557936
48.136	0.0837934623877665
48.664	0.08354250883097168
49.193	0.0836491302090459
49.725	0.08419539091811422
50.253	0.08391154815026372
50.785	0.08393647361076359
51.31	0.08351379933228156
51.841	0.08376986135248174
52.369	0.08395795631937447
52.9	0.08351931871013561
53.429	0.0832862978902592
53.961	0.08317392926972929
54.489	0.08308376631898279
55.021	0.08306205675226278
55.549	0.08302901751860389
56.082	0.08307845592027105
56.607	0.08296706784200066
57.139	0.08324349512046501
57.668	0.0826595495649277
58.2	0.08253363873536505
58.728	0.08316528847746425
59.254	0.08262780241087843
59.781	0.08312689830659808
60.329	0.08325601610884391
60.941	0.08355578133929742
61.468	0.0837107778130811
61.997	0.08353779115966817
62.525	0.0840607229754718
63.054	0.08406126345098545
63.587	0.08369207597319771
64.116	0.08393442678524998
64.648	0.084033567467107
65.175	0.08426485016791281
65.706	0.08359776062238909
66.235	0.08456034068312719
66.767	0.08430997399349081
67.295	0.08385704800062067
67.828	0.08446190708044912
68.355	0.08380101612543452
68.888	0.08430651614953205
69.416	0.08433904143732758
69.948	0.08427101764478792
70.477	0.08379660341781062
71.008	0.0837228195949439
71.534	0.08399338376806274
72.065	0.08310956808912337
72.595	0.08349099687004544
73.127	0.08306906106183795
73.654	0.0829207466397756
74.187	0.08302817840989911
74.715	0.08312410833543842
75.247	0.08330130069234848
75.776	0.08277382829916419
76.306	0.08323636525789149
76.835	0.08311294183215343
77.368	0.08307469332981482
77.895	0.08328034050255977
78.428	0.08311267919740914
78.957	0.08336406377713634
79.49	0.08330982085525132
80.035	0.08323818342975804
80.643	0.0832416133120192
81.17	0.08339195254212307
81.703	0.08325215634680476
82.232	0.08362077916889145
82.759	0.08386145144393908
83.287	0.0836496308707604
83.819	0.08390264983218798
84.348	0.08453065856364743
84.881	0.08470191545381363
85.408	0.0839306825669414
85.94	0.08387996718723681
86.467	0.08431863200202894
86.999	0.08404156189707883
87.528	0.08396801267226513
88.06	0.08407463396327339
88.589	0.08363870483150612
89.121	0.08326704876610626
89.649	0.0835955666355056
90.183	0.08379243179711246
90.711	0.08339524255827556
91.243	0.08329592746909734
91.771	0.08327154217944839
92.303	0.08249302474220155
92.832	0.08336752939101559
93.365	0.08312378656055164
93.891	0.0831002303914313
94.422	0.08285057972486691
94.951	0.08306336300053205
95.483	0.08254114191984703
96.011	0.08271800522915072
96.543	0.0827749155740283
97.071	0.08257659678583168
97.604	0.08298723206172574
98.132	0.08236451405734149
98.664	0.08287610354647999
99.193	0.0822173147200153
99.725	0.08318942883187803
100.268	0.08331377790517161
100.873	0.08278925724999382
101.401	0.08304914447505449
101.933	0.08318239672237038
102.462	0.08281332452633763
102.995	0.08333198939776795
103.523	0.0831916593969496
104.064	0.08361524802911212
104.594	0.08320212026801055
105.125	0.08418357444236611
105.653	0.08379373600479231
106.185	0.08331488192972299
106.713	0.08308353055689267
107.245	0.08368194108290905
107.775	0.08350135777716555
108.307	0.08355382646460985
108.836	0.08308736375279668
109.368	0.08358138944278946
109.897	0.08347318547719897
110.429	0.08298871603415632
110.958	0.08336230077518195
111.49	0.08330589196158708
112.019	0.08310494459631428
112.55	0.08240149502152488
113.078	0.08269493492961234
113.607	0.08265005217739253
114.136	0.08299502815761345
114.667	0.08270782914891098
115.196	0.08281967628416809
115.728	0.08291860593014261
116.257	0.08260065479759626
116.789	0.08309961066408829
117.318	0.08239836814731233
117.85	0.08269752644158633
118.377	0.08272956099861328
118.909	0.08282096687709271
119.437	0.08265194546256532
119.969	0.08267712332619905
120.503	0.08303492130973646
121.112	0.08282030511114616
121.64	0.08273134347067992
122.171	0.0824782640054904
122.7	0.08272378834644649
123.231	0.0825695909534908
123.759	0.0828393859105666
124.293	0.0826348983363339
124.822	0.08217362191925891
125.355	0.08245249798685657
125.884	0.0824137221959447
126.411	0.08219053163200445
126.937	0.08215216244509467
127.47	0.0825975000029041
128.0	0.08247480357377197
128.532	0.08259644143693805
129.06	0.08241807094784351
129.588	0.0822511179538441
130.115	0.08195089526728745
130.643	0.08169567254216994
131.17	0.0820593916213071
131.702	0.08197040055167565
132.231	0.0817075984493141
132.763	0.08217851011314305
133.291	0.0817848662963551
133.823	0.08216490521033909
134.351	0.08222349716836462
134.885	0.08204043237498056
135.412	0.0820097413787922
135.944	0.08189932592379205
136.473	0.08213302131358219
137.005	0.08179697288912566
137.534	0.08194329531758937
138.067	0.08194442508275733
138.592	0.08159014038496792
139.126	0.08205219264112852
139.655	0.08166406611209083
140.193	0.0826732070605493
140.809	0.08200354912263863
141.343	0.0818230347330256
141.872	0.08236088767513912
142.403	0.08162932761790562
142.932	0.08187884001372447
143.464	0.08218076190353525
143.992	0.0823872685437117
144.524	0.08264785522900045
145.052	0.08241111772651132
145.583	0.08232744261206308
146.112	0.08260380144028465
146.644	0.08226316865997114
147.172	0.0822328666905673
147.706	0.08208316665024133
148.234	0.08206479189755075
148.766	0.082290336313944
149.295	0.08255852679455757
149.828	0.0824622265810192
150.356	0.08248094454562897
150.888	0.08247273286691623
151.417	0.08245088854447047
151.948	0.08259110449272192
152.477	0.0822164371612163
153.003	0.0819739702844314
153.531	0.08245009451063093
154.058	0.08270002479253476
154.586	0.08268182870542386
155.119	0.0819185337300814
155.646	0.08246044104897576
156.179	0.08198938790481589
156.708	0.08214691939342723
157.24	0.08197920377201134
157.769	0.08248410621358017
158.3	0.08233221306306035
158.829	0.08215824007838074
159.361	0.08232557307092404
159.888	0.08223312182812638
160.437	0.08173604151311979
161.035	0.08217509215214554
161.567	0.08192630154977742
162.095	0.08254574642715651
162.627	0.08181783515911938
163.156	0.08216751582181751
163.689	0.08200293598695677
164.214	0.08224029118969872
164.747	0.08187461190379472
165.273	0.08178378734841499
165.806	0.08224905989104385
166.332	0.08263992877225296
166.864	0.08227177435103024
167.392	0.08204300063451853
167.919	0.08176412365484857
168.446	0.08152718715490984
168.978	0.08205501882295331
169.509	0.08214230829976367
170.041	0.08163690808615502
170.571	0.08180463030534145
171.103	0.08180855518941202
171.632	0.08233429289125838
172.165	0.08237045519337731
172.694	0.08171307634951036
173.226	0.0819106501178323
173.754	0.08177160674883363
174.285	0.08129492981157627
174.814	0.08173785693633055
175.346	0.08132452681424289
175.875	0.08158648872815899
176.409	0.08170913384250605
176.938	0.08106851530264943
177.469	0.08133699814126594
177.997	0.08134765680112192
178.53	0.08142040201675092
179.059	0.08151858358532761
179.592	0.08142854933748836
180.136	0.0813066907393068
180.747	0.08209451257000953
181.275	0.0814901187081716
181.807	0.08143296552869085
182.335	0.0818470874099389
182.868	0.08198960230835077
183.396	0.08147137992087142
183.928	0.08181662576354685
184.458	0.08209983291363934
184.99	0.08219663814899436
185.518	0.0812967739921557
186.051	0.08159310771249226
186.578	0.08160274044013259
187.111	0.08183300760115896
187.64	0.0815192047006558
188.171	0.0821851231230014
188.701	0.08124320578044186
189.235	0.08180688171932166
189.835	0.08144037470262688
190.367	0.08146336833191661
190.893	0.08196983947754159
191.426	0.08143648247379008
191.955	0.0815297646508632
192.488	0.08120064451968052
193.101	0.08182382390058474
193.633	0.08195087965837757
194.162	0.08181663837047182
194.693	0.08140613034163716
195.222	0.08213855444797698
195.754	0.08233895889371616
196.283	0.08207382066879171
196.816	0.08179378681197093
197.345	0.08179672451244378
197.877	0.08156094676990056
198.406	0.0821327147508646
198.934	0.0816920430549817
199.462	0.08173569504991131
199.991	0.08147630236152122
200.538	0.08142156571385416
201.156	0.08154103926924854
201.685	0.08146495902709881
202.217	0.08183807280341927
202.747	0.08164801017391808
203.279	0.08194974070238054
203.808	0.08155062011404164
204.34	0.081236499340609
204.868	0.08112661943963179
205.4	0.08130696259048897
205.928	0.08111692726623695
206.456	0.08166244271154759
206.983	0.08119558836874435
207.514	0.08152295013282988
208.043	0.08140318230537355
208.574	0.08163421226648655
209.102	0.08137937369405475
209.629	0.08112452480325795
210.154	0.0817886246601347
210.687	0.08178017888820452
211.216	0.08161838366968777
211.749	0.0812496813799501
212.277	0.08145600926623268
212.809	0.0818679922934937
213.337	0.08193146006464232
213.869	0.08173166834121422
214.399	0.0818735284016045
214.93	0.0819019694392288
215.46	0.08197684773107541
215.993	0.08175350181733339
216.521	0.08219703669046995
217.053	0.08189900007984943
217.582	0.08223219829812702
218.114	0.08109319540291186
218.642	0.08137165756397205
219.174	0.0819865432197277
219.703	0.08157888992140405
220.246	0.08186845499266053
220.858	0.08189673717677369
221.386	0.08169311109495081
221.914	0.08182087236820197
222.446	0.08146958198780294
222.976	0.08205904938634899
223.508	0.08193982088256745
224.036	0.08202772666698893
224.568	0.08199335475142493
225.096	0.08206351500148229
225.628	0.0818781501887799
226.244	0.08161361907320097
226.776	0.08191646947136932
227.304	0.08203335225503085
227.835	0.08144921557102293
228.363	0.08213263762084193
228.896	0.08159030416945964
229.424	0.0822134747742637
229.956	0.08217395289703511
230.489	0.08184139095339626
231.016	0.08208296298690479
231.541	0.08205935558503251
232.073	0.08199872051802704
232.603	0.08155896189391511
233.132	0.0817133517068633
233.659	0.08219008697270144
234.191	0.08228500889093365
234.722	0.08187009414648937
235.254	0.0820857767470006
235.782	0.08201463066449595
236.314	0.08237680673306155
236.843	0.08144350821999909
237.375	0.08257176829938302
237.903	0.08252373989628349
238.437	0.0823385370136153
238.964	0.08244723841642355
239.496	0.08292376512172496
240.03	0.0823866936863097
240.64	0.08263409837212905
241.167	0.0824459709853059
241.7	0.08262922238937728
242.229	0.08239059859385417
242.761	0.08235611509428238
243.29	0.08256012360652719
243.817	0.08244890353266085
244.344	0.08229193619660763
244.877	0.08262860995095782
245.404	0.08275698207637644
245.937	0.08265324743116224
246.466	0.08292232385304507
246.999	0.08330323584129007
247.527	0.08288849826020668
248.059	0.08290605974679857
248.588	0.0827717088180035
249.12	0.0826935545668692
249.648	0.08265221483256763
250.181	0.08258589795086961
250.709	0.08240259184952546
251.241	0.08274950503131646
251.77	0.08220082947576923
252.302	0.08208966493916325
252.828	0.08249361224173135
253.359	0.08255779346948705
253.894	0.08245157134321869
254.426	0.08254226305947937
254.954	0.0824200871419658
255.48	0.08231097496228515
256.003	0.08253154941910962
256.534	0.0824958416209904
257.059	0.08174576328973303
257.585	0.08268552141371781
258.112	0.08230370133776851
258.644	0.08241873335331669
259.172	0.08237385307948615
259.704	0.08255712278288874
260.244	0.08226641399425251
260.856	0.08172216932782268
261.384	0.08216596747273956
261.916	0.08209409179304261
262.444	0.08233634496624774
262.973	0.08223753704846017
263.501	0.08217705568911446
264.029	0.08214927939316391
264.557	0.08199394761621005
265.09	0.08195219634753928
265.619	0.0820813417936202
266.151	0.08173531487061028
266.679	0.08203036931016533
267.211	0.082055157712405
267.739	0.08185181587555672
268.272	0.08247381075939625
268.8	0.08224382313505339
269.332	0.08175145523991795
269.859	0.08200842833024441
270.392	0.08213026375219538
270.921	0.08283474147165747
271.453	0.0821118034188591
271.982	0.08194107801229318
272.514	0.08210939764128435
273.043	0.08190646995767917
273.574	0.08131682412404623
274.102	0.08167164321001281
274.635	0.025159781827066355
275.161	-0.028791109756175323
275.693	-0.028798288009458575
276.222	-0.028968759546127577
276.754	-0.029000405322244804
277.279	-0.028925510732870526
277.811	-0.0289667670545442
278.339	-0.028847641986117452
278.872	-0.028955571045747572
279.4	-0.02912315653954811
279.932	-0.028748609833008348
280.479	-0.02877843114104919
281.091	-0.02846387237554247
281.618	-0.028560476071106775
282.151	-0.02866956926413365
282.679	-0.028469808772912737
283.205	-0.02898241075066907
283.732	-0.02907158343604361
284.261	-0.029120979358428136
284.79	-0.02888776937141968
285.322	-0.028866237359942846
285.85	-0.02861385890283774
286.381	-0.029247408207893722
286.91	-0.028984454212581452
287.443	-0.029119751090165964
287.971	-0.02879007372480678
288.501	-0.028640447937609056
289.028	-0.02878708890610602
289.559	-0.028750126658947012
290.168	-0.028752201573390156
290.699	-0.02869481201665943
291.228	-0.029350061649836195
291.76	-0.028561297795494225
292.288	-0.029249609131760213
292.821	-0.02883550242458834
293.345	-0.029028777555562678
293.878	-0.02866405093957471
294.406	-0.028393102079261955
294.933	-0.028602772838584152
295.462	-0.02868800299753747
295.994	-0.02843041812255372
296.522	-0.028823729881652133
297.055	-0.028742716505837214
297.583	-0.028757717502374713
298.115	-0.02910758518827906
298.644	-0.029050749394334836
299.168	-0.02860746521632044
299.696	-0.028545793501174047
300.242	-0.028963248377046544
300.847	-0.029026163762046506
301.379	-0.029092563519955813
301.908	-0.028787024859664546
302.435	-0.028916808142241384
302.964	0.0985760251622845
303.494	0.18010086419539154
304.023	0.18479911274856806
304.555	0.18434659797876696
305.083	0.18579305645160027
305.617	0.18741768018744956
306.145	0.1881479599739897
306.673	0.18971552573635225
307.2	0.19118211328089862
307.733	0.19325678634839674
308.261	0.19482186639954518
308.795	0.196725597917272
309.323	0.19767356220533916
309.855	0.19957599259845607
310.384	0.2014913277628573
310.917	0.20237163916839962
311.446	0.20386409802580913
311.977	0.20484537031404554
312.506	0.20744060553378033
313.038	0.20873334176049124
313.564	0.20961053910084304
314.096	0.21053833162715171
314.624	0.21263517912700494
315.155	0.21344889443435658
315.684	0.21451075141434123
316.217	0.21685549570463145
316.742	0.2172556396455524
317.274	0.21864772175148267
317.803	0.22026752964242038
318.334	0.22169995732375697
318.863	0.22244019786364036
319.396	0.22439075778045164
319.924	0.2252774959522256
320.467	0.22724739774801198
321.081	0.2280559052977494
321.609	0.2296092925890164
322.135	0.2310558326702783
322.665	0.23185470721872334
323.194	0.2339698597402221
323.727	0.23476532756571156
324.255	0.23563861184438215
324.788	0.23727970089829814
325.317	0.2381439006916429
325.849	0.23970297987312503
326.376	0.24057084636489573
326.906	0.24175061374367735
327.435	0.24291606473431288
327.967	0.24353621827760744
328.494	0.24497172963082994
329.027	0.24658820406469673
329.554	0.24742200460492947
330.087	0.2488195808166348
330.614	0.249872667464035
331.146	0.2512834417051719
331.675	0.2522779831202989
332.206	0.2531859745004377
332.736	0.25410238561250587
333.267	0.2553148991085465
333.802	0.25671900670073133
334.334	0.25807019123747743
334.862	0.25819691991124566
335.395	0.2598515094579804
335.924	0.2607983312502545
336.457	0.262605276754464
336.985	0.26296685238843065
337.518	0.2643774124482072
338.047	0.2652037402785632
338.578	0.2664688457556615
339.107	0.26713280425407504
339.638	0.26829438852523896
340.185	0.26948473959258146
340.807	0.27041310542536345
341.336	0.27128435316623917
341.868	0.2735749401442625
342.397	0.2739989283449885
342.929	0.2754336745320295
343.457	0.2769463538317904
343.985	0.27773731818926206
344.514	0.27887083224113024
345.041	0.28004670189576775
345.568	0.28078267527213097
346.097	0.28177692310229857
346.626	0.2833258566897456
347.159	0.2844820472619846
347.688	0.2854218243579754
348.22	0.2857603216226313
348.748	0.28663059315284917
349.281	0.2872368828721003
349.811	0.2883397790405394
350.343	0.2896785946458137
350.872	0.290684796264044
351.404	0.2913506386180207
351.932	0.2925014028848825
352.464	0.2933793756986441
352.992	0.2947884256845684
353.524	0.29549405648197363
354.053	0.2961943125656155
354.585	0.2974521970177305
355.114	0.29844495332393056
355.646	0.2990243045116305
356.172	0.29963451014569475
356.703	0.30043054947407066
357.231	0.3011397683863593
357.763	0.3018533224639092
358.294	0.3030467398378447
358.827	0.3040858517281658
359.356	0.3041544987437409
359.888	0.30532606387484573
360.437	0.30641786768214174
361.063	0.30675442414570675
361.59	0.30800170556177997
362.123	0.3083466099350662
362.651	0.30930985064893324
363.183	0.3095449126504165
363.711	0.3114002967504805
364.243	0.3126102914415226
364.771	0.31277412293949464
365.305	0.31403159699090966
365.831	0.314428081749181
366.363	0.3150584338408225
366.891	0.3165378170478111
367.422	0.31688755110847333
367.951	0.3177505250971221
368.483	0.31846678973366976
369.011	0.31962652513012574
369.543	0.3201348873138003
370.073	0.32073370256654865
370.604	0.32219777540343447
371.134	0.322666335270013
371.664	0.3234864039177814
372.192	0.3246365351759679
372.724	0.3251606980987995
373.253	0.3257460655663984
373.785	0.3270841382827898
374.314	0.3280616484450713
374.845	0.32856184775864367
375.375	0.3289457921866586
375.907	0.33055094878188235
376.431	0.3311449544118328
376.963	0.3318905461520797
377.489	0.3323607994311898
378.022	0.33401140274389673
378.546	0.3343940967975585
379.078	0.33512043911312983
379.689	0.33545368641304485
380.23	0.3367490443229422
380.845	0.337761472272735
381.377	0.3383126831982743
381.905	0.33924527619295775
382.443	0.3391341987146399
382.971	0.34087466803314087
383.502	0.34118992631465833
384.031	0.3415012626888008
384.564	0.34256636068045004
385.091	0.3436100608097985
385.622	0.3440989830963671
386.15	0.3444496140577223
386.683	0.3459647677934682
387.212	0.34663667081971783
387.744	0.34665929229315573
388.272	0.3475172847933725
388.805	0.348070197563167
389.33	0.34867162418760056
389.855	0.3494007347362637
390.381	0.34984167816619605
390.911	0.3513081992775792
391.439	0.35225612195941786
391.971	0.3519084724085068
392.5	0.35327625409499364
393.031	0.3531183986675779
393.56	0.35469492410698744
394.093	0.3553422896284951
394.618	0.35521983110375643
395.149	0.3561046971319088
395.676	0.356442233174357
396.207	0.35773405335366437
396.736	0.35846695645607346
397.268	0.3595255847401351
397.797	0.359864428291442
398.329	0.36040449972741484
398.858	0.3615299997717063
399.389	0.3623378003423153
399.917	0.36311786514411826
400.449	0.36320994789486627
400.977	0.3638168262613302
401.508	0.3643420255231691
402.036	0.36593583778511335
402.569	0.36548463470317916
403.098	0.36690523126285085
403.63	0.3673833939630745
404.158	0.36837061439019614
404.691	0.369140203859887
405.219	0.369541730037625
405.749	0.37004728086827243
406.277	0.37103291474467237
406.805	0.37132680450223626
407.334	0.3717824341439377
407.866	0.372091043769891
408.395	0.3728030489237385
408.928	0.37374870766781204
409.456	0.37490003829731905
409.988	0.37512863272042024
410.517	0.37569342986581605
411.05	0.3766958592235584
411.578	0.37672502114334605
412.111	0.37805099409428117
412.639	0.37862501748958316
413.173	0.379228012316711
413.7	0.3798217919270041
414.232	0.3810686328701562
414.76	0.38164778114485687
415.292	0.3819144531771738
415.82	0.38242179208362964
416.354	0.3838091740005123
416.882	0.3835599322860156
417.415	0.3842257433621999
417.944	0.38524127380811884
418.476	0.38574909370282157
419.004	0.3862588392429236
419.536	0.38676477264381914
420.062	0.38725376483737733
420.595	0.3878825136398037
421.122	0.3883595741458654
421.653	0.38939572065543787
422.181	0.389756784634785
422.714	0.39025728032751733
423.243	0.3916025554359171
423.775	0.3920669729971972
424.303	0.39232845938638045
424.836	0.39300433593320067
425.364	0.393566591021267
425.895	0.39440356761912176
426.519	0.3950817968846121
427.049	0.39558489559614585
427.577	0.39631058266760755
428.109	0.39691986540359325
428.637	0.39734398951575034
429.164	0.39767530343560425
429.688	0.39882774344168265
430.213	0.39951664241335466
430.737	0.4001281914514089
431.265	0.3999902070073356
431.792	0.400816172737978
432.322	0.4007623596082675
432.849	0.4017394401837446
433.38	0.4026488579023474
433.909	0.40352581261965764
434.441	0.403205517557162
434.969	0.40507662757895374
435.501	0.4041243930853591
436.029	0.4063107368236398
436.561	0.40646247004075725
437.089	0.4072682584453784
437.621	0.40722642026666617
438.151	0.40790792954132316
438.682	0.4087119800087599
439.211	0.40911910596251694
439.742	0.40982172455363597
440.267	0.4099815967431688
440.798	0.41085402679209376
441.326	0.4118491259969606
441.857	0.4123028077138259
442.385	0.4128099716125694
442.918	0.41376477770009323
443.445	0.41374572516494196
443.978	0.4145856103641771
444.588	0.41550315736110915
445.119	0.41530017690759596
445.648	0.4158229194238714
446.179	0.41644959355205063
446.705	0.41705434252382334
447.237	0.4180500928559384
447.765	0.41754488730481054
448.298	0.41901942792505636
448.826	0.4202615285259553
449.358	0.4193547479090118
449.886	0.42086043916740723
450.419	0.42144146948317124
450.948	0.4210462900472727
451.475	0.4226552209862221
452.084	0.4225134360440435
452.616	0.42279477581674285
453.144	0.42378869978947176
453.674	0.4244667428731279
454.204	0.4251800884051069
454.736	0.42561745974551285
455.264	0.42576284329537617
455.797	0.42741956141799964
456.324	0.4262354085973382
456.856	0.4271666713143106
457.385	0.4277947255714345
457.916	0.42915718979685963
458.445	0.428628967534116
458.976	0.4300014746734687
459.503	0.4302690820400438
460.035	0.4312695489398342
460.564	0.43232607373734816
461.096	0.43210333867684114
461.624	0.43313393159507885
462.157	0.4333307634661571
462.682	0.43355757180830873
463.214	0.4339717595889883
463.741	0.4348585897094162
464.274	0.43543780146285527
464.802	0.4358878225234263
465.329	0.4364770127085996
465.856	0.4366406615645604
466.388	0.4376110973293514
466.916	0.43858962122889533
467.449	0.4383816566336451
467.977	0.43934382578781744
468.508	0.4393192545093587
469.036	0.44160129615021654
469.568	0.44133180055242077
470.095	0.44107891748668876
470.626	0.4414866515322627
471.155	0.443139268265224
471.687	0.44297859478251295
472.215	0.44383195224624344
472.745	0.4441562538405332
473.27	0.444924841369227
473.798	0.44554137569886565
474.325	0.4451139183012683
474.857	0.44638313528304635
475.385	0.4472081873506614
475.917	0.4473096117565779
476.441	0.44803046533706387
476.971	0.4483826491305534
477.5	0.4485940695673383
478.031	0.4484151327078373
478.559	0.4496468804991428
479.09	0.4511090231070799
479.618	0.45042839910013915
480.151	0.45105906795768813
480.68	0.45178844362094767
481.21	0.4523762669636696
481.738	0.45342174440776
482.264	0.4533318781155073
482.789	0.4540265871875863
483.316	0.45437630193243483
483.844	0.4548546103468049
484.376	0.45537269914007755
484.904	0.45525201509649554
485.437	0.4560817743758761
485.964	0.4564855426679226
486.497	0.45726575923447554
487.025	0.4578790794301213
487.556	0.45817993939709695
488.085	0.4587898486693199
488.617	0.45938557270006514
489.144	0.4594159342246256
489.677	0.45999905222310017
490.209	0.4608422972155113
490.74	0.4624257874057051
491.266	0.4617003388454759
491.797	0.46310942012510004
492.325	0.46310128039115295
492.857	0.46312257770548004
493.471	0.46494094359483634
494.002	0.4640473149075739
494.531	0.46431283315678484
495.061	0.4652788050897633
495.59	0.4652428738718952
496.122	0.46628518799226765
496.65	0.46680828183688283
497.181	0.46793377480878723
497.709	0.4681312356884074
498.241	0.4681957871654585
498.77	0.46937192184685506
499.301	0.46890970691760037
499.828	0.4699309833888827
500.359	0.46989081411586503
500.888	0.47039972477100306
501.415	0.47124692237817906
501.942	0.4713442809346275
502.472	0.4717054486005629
503.001	0.4727218232071545
503.534	0.47281132501016887
504.061	0.4729463798301277
504.594	0.47372709536140717
505.121	0.4741316248836974
505.652	0.4747698679581229
506.181	0.47570411081573455
506.713	0.47563346941751794
507.241	0.4756375323348962
507.773	0.4766410021777989
508.302	0.47675433261882716
508.833	0.47750295748999677
509.362	0.47780288946514105
509.893	0.4777850713921348
510.418	0.47822986298401077
510.943	0.4802426586637435
511.469	0.4799654380042827
511.999	0.480409244437815
512.527	0.4807286346616113
513.058	0.4809468645164196
513.583	0.481544459678633
514.115	0.48181183592641197
514.643	0.4824596285738361
515.174	0.4834882376801065
515.703	0.48367695377228265
516.234	0.48395461524103317
516.763	0.48407746106981947
517.295	0.4851827573435516
517.822	0.48508501072780724
518.355	0.48574817019757643
518.882	0.4863460324876179
519.416	0.4861126332360386
519.944	0.4864258838478354
520.476	0.4881431089175835
521.005	0.4876811960212833
521.536	0.48908017716048097
522.064	0.48809341438981724
522.596	0.48895642434134606
523.124	0.4899092364402859
523.653	0.49068114407670754
524.18	0.49098396684392037
524.713	0.49176910138339935
525.242	0.4921424975028156
525.77	0.49184652957519753
526.382	0.49246772419353346
526.916	0.4928149744167129
527.444	0.49402580813025976
527.976	0.49416557415398243
528.505	0.4940440617143579
529.037	0.4953397997239038
529.565	0.4950898655751466
530.094	0.4957545122440877
530.622	0.4959743740375506
531.154	0.4974243942873712
531.683	0.49620613852854123
532.215	0.497242911796899
532.743	0.4977685483700999
533.275	0.4991376210505258
533.803	0.4989702512431692
534.334	0.499004081070911
534.949	0.5000073354088952
535.476	0.5004759319744883
536.003	0.5010918600267017
536.536	0.5012453476211575
537.064	0.5021800807933856
537.596	0.5028904151185359
538.124	0.5025822079523823
538.656	0.5031543859629746
539.182	0.5030986639302639
539.713	0.50358519234577
540.241	0.5040492863870107
540.771	0.5052033121160712
541.299	0.5048119671507351
541.832	0.5053782735364738
542.36	0.5063133777791665
542.891	0.5068129958807956
543.504	0.5074641763463754
544.037	0.5071806288067179
544.565	0.5080466385664104
545.093	0.5087685625884633
545.62	0.5094499127029029
546.148	0.5084823769329304
546.676	0.5096949776816443
547.208	0.5102120858060304
547.736	0.5103467788038735
548.267	0.5114664806036201
548.796	0.5104330445287242
549.326	0.5109877123174812
549.854	0.5130030397577471
550.385	0.5128052791171757
550.913	0.5130758076732364
551.445	0.5143348519158126
551.974	0.5139964303467559
552.505	0.5150425173545662
553.033	0.5149977778101295
553.565	0.5149673635330364
554.094	0.5159963307663584
554.626	0.5165132145967849
555.152	0.5167899083638171
555.686	0.5167226435152037
556.214	0.5173970949433412
556.747	0.5172150835572844
557.274	0.5186970375541486
557.802	0.5188137654804963
558.331	0.5189707953808698
558.856	0.5191777671491694
559.382	0.5197959804043685
559.914	0.5209800784725068
560.443	0.520442614415537
560.975	0.5208155356162001
561.502	0.5227426383219684
562.035	0.5216453596368709
562.563	0.5227221465986355
563.095	0.5225091295626806
563.623	0.5234375940769312
564.154	0.5237277048490223
564.769	0.5240128082317961
565.301	0.5251282013518119
565.828	0.5251824085570642
566.36	0.5253092125990722
566.888	0.5259290201415611
567.42	0.5259468315293947
567.948	0.5264999483533995
568.476	0.5268573238927228
569.004	0.5269507082431687
569.535	0.5267620606628781
570.064	0.5284380686868455
570.595	0.5284232180659744
571.124	0.5295537329744042
571.656	0.5298159495934252
572.185	0.5301089476379908
572.717	0.5308096875291423
573.246	0.5304781005152489
573.777	0.5309511873532577
574.305	0.5319534458160073
574.837	0.5324054121228642
575.365	0.5331090784573912
575.891	0.5333200428654554
576.417	0.5330159469095735
576.95	0.5337122548915892
577.478	0.5335452985635672
578.01	0.5342415031930331
578.624	0.535601081414797
579.155	0.534766267898891
579.682	0.5364441967611006
580.214	0.5357381421199718
580.742	0.5363330352115216
581.273	0.5365092317869443
581.801	0.5370095821144959
582.334	0.538402454533676
582.862	0.5375441352791095
583.394	0.5388602172196466
583.923	0.5389951174685906
584.454	0.539716761289641
584.982	0.5409033354133956
585.514	0.5397989023482033
586.043	0.5409630416536418
586.574	0.54186219260997
587.103	0.5409200903201499
587.636	0.5412717427105549
588.165	0.5431726559816037
588.695	0.5424419093210291
589.223	0.5437771639102196
589.755	0.5436228157471058
590.283	0.544111191014532
590.816	0.5441400254984671
591.345	0.5452210704110461
591.877	0.5451391551034073
592.406	0.5462392812497893
592.942	0.5466492586800229
593.472	0.5465014014828267
594.004	0.546996285152959
594.531	0.5471067567734667
595.065	0.5483720218739998
595.594	0.5480360802288787
596.119	0.5476440498650109
596.645	0.5485526848775415
597.176	0.5501324656135377
597.703	0.5500848951720743
598.235	0.5499355467510353
598.763	0.5496558060495087
599.295	0.5505766356207417
599.823	0.5510119003816303
600.356	0.550359751368058
600.884	0.5516648303986307
601.414	0.5522226438890329
601.943	0.5529975616999152
602.475	0.5537411189052045
603.003	0.5538144554351934
603.534	0.5541877776290494
604.062	0.5547614419591174
604.594	0.5544283761111
605.121	0.5556641461223183
605.654	0.555232916649764
606.179	0.5569963833502625
606.711	0.5567820265533877
607.24	0.5567679482883464
607.77	0.5565927243269004
608.298	0.55773974782335
608.831	0.5579108143053374
609.359	0.5577970869100161
609.891	0.5581436234651372
610.42	0.5595429370830649
610.951	0.5600739372567736
611.478	0.559661136494437
612.01	0.560096814828099
612.538	0.5609501123901609
613.068	0.5608629799601983
613.597	0.560359905053155
614.129	0.5613763374097905
614.657	0.5620385467239105
615.189	0.5621895759665207
615.717	0.5632955792397439
616.249	0.5635511105507444
616.777	0.5635405279177714
617.309	0.5636978285195596
617.837	0.5641457518372854
618.364	0.5648465637762284
618.893	0.5652034428307251
619.421	0.5659669577382743
619.949	0.5660287671453625
620.481	0.566981590835436
621.009	0.5668883113837488
621.541	0.567823579260347
622.069	0.5671482617383992
622.602	0.5688844628752406
623.13	0.5682822673230741
623.662	0.5689112305155895
624.191	0.5687098605125431
624.723	0.5689960591330208
625.251	0.5690310846114022
625.784	0.5702927984512164
626.312	0.5700640712336512
626.841	0.5707728477151597
627.37	0.5712974522306618
627.902	0.5719851287142709
628.431	0.5727906096800807
628.964	0.5727931412050075
629.492	0.5734267697700953
630.024	0.5729319239159832
630.549	0.5736500172199255
631.081	0.5742981988998549
631.609	0.5750832809931239
632.141	0.5747926497780382
632.669	0.5761407757657713
633.198	0.5762312844285401
633.725	0.5760962511150327
634.258	0.5759033278771203
634.786	0.5763328244770355
635.318	0.5767937476214278
635.846	0.5770317175478524
636.377	0.5776129755724448
636.905	0.5783865169736861
637.437	0.5788360496753434
637.966	0.579636782507916
638.496	0.5792252942339249
639.024	0.5795110737852159
639.555	0.580854252068889
640.081	0.5815809772134196
640.611	0.5811178308465745
641.237	0.5810829542259587
641.768	0.5819331736697801
642.297	0.5817036309021126
642.824	0.5831641032428015
643.353	0.5837866927896753
643.885	0.5840889902686708
644.414	0.5841292529056198
644.945	0.583214134084476
645.473	0.5842429624910834
646.006	0.5846781841891106
646.535	0.5850782692250355
647.067	0.58549371317217
647.596	0.586169887387261
648.127	0.5869715141890528
648.655	0.5864189911002927
649.187	0.5862734116796915
649.715	0.5881215796697122
650.248	0.5873047930469536
650.774	0.5883732025288716
651.305	0.58921810273986
651.832	0.5890833500853804
652.364	0.5894933718364768
652.893	0.5889819237180308
653.424	0.5905168399966776
653.954	0.5905462060833008
654.485	0.5904674473915316
655.014	0.5909494962477453
655.545	0.5923219300713469
656.073	0.592050413241191
656.605	0.5925807241877216
657.135	0.5933563774900485
657.665	0.5935997078054521
658.192	0.5923130363655964
658.725	0.5936986050887378
659.25	0.5938185262958966
659.782	0.5950941348334751
660.31	0.5953503958323081
660.842	0.5954687639919642
661.369	0.5959713081949264
661.902	0.5956894870614253
662.431	0.5947795938016062
662.963	0.5971481879826641
663.491	0.596835964716604
664.022	0.5967863169468163
664.551	0.5979852304141223
665.078	0.5979782900686559
665.607	0.5988254913056313
666.138	0.598582683952219
666.667	0.5994137467328804
667.199	0.5991412994327818
667.824	0.6002583544917705
668.356	0.5999410885791754
668.884	0.6011925281640703
669.417	0.601732173953052
669.945	0.6008346714160975
670.477	0.602282188424757
671.005	0.6018444786996313
671.531	0.603309336443847
672.058	0.60264993039892
672.59	0.6029587086894607
673.12	0.6033344995137232
673.651	0.6029865410814715
674.179	0.6032924272032624
674.711	0.604309462597362
675.238	0.6052392510071491
675.768	0.6052769268269835
676.296	0.6055752871465762
676.823	0.6059709770270855
677.35	0.6056411558718849
677.875	0.6061783506908122
678.399	0.6063077010903821
678.928	0.6078246284201728
679.456	0.6074572849296304
679.984	0.6083912115362282
680.512	0.6072812992640293
681.043	0.6091468165779056
681.571	0.6083723627261449
682.102	0.6092384665818102
682.632	0.6103359773540978
683.163	0.609542414304805
683.691	0.6100737060414585
684.315	0.6103451822417404
684.844	0.6108704402982803
685.377	0.6113374533959473
685.905	0.6122112376293555
686.437	0.6126896790646564
686.965	0.6126924951926844
687.497	0.6133804432233076
688.025	0.6138206378711369
688.557	0.6138014404994716
689.084	0.6147542721564719
689.616	0.6145802867602523
690.144	0.6155664565388077
690.676	0.6153474862460125
691.205	0.6153354557398175
691.736	0.6154362179345653
692.265	0.6159935951536641
692.797	0.615574355723785
693.325	0.6168543252658804
693.856	0.6173548356093035
694.386	0.6176659529462826
694.918	0.6173806114192664
695.444	0.6181028517405933
695.975	0.6178433086598776
696.503	0.619036385910223
697.035	0.6194585694735127
697.564	0.61955456765736
698.095	0.62002048582701
698.624	0.6191629888298286
699.155	0.6201513375326486
699.684	0.620535144599437
700.215	0.6214853412407502
700.743	0.6215128360174144
701.37	0.6225199725666828
701.899	0.6223478908907132
702.43	0.6225641417352554
702.958	0.6233215435623136
703.489	0.6231709270472905
704.013	0.6240216761111964
704.538	0.6244151670409153
705.066	0.6246589553201737
705.593	0.6250722047166685
706.121	0.6253079690247971
706.648	0.6253409727945524
707.176	0.6245646141505763
707.708	0.6251481028690457
708.236	0.6261894214038585
708.768	0.6268521260172398
709.295	0.6278046251206963
709.827	0.6280128766288969
710.356	0.628294228752791
710.888	0.628125716107914
711.416	0.6284931548677574
711.948	0.6275722721024594
712.476	0.6287943044529906
713.007	0.6300466198004931
713.535	0.6289269698125828
714.067	0.6297629521147887
714.595	0.6301519847178648
715.126	0.6306691746880618
715.655	0.6308820065236591
716.186	0.6317220358060218
716.715	0.6306675241810693
717.247	0.6322594977979832
717.772	0.6319305979804086
718.303	0.632316553917933
718.829	0.6328045691474352
719.36	0.6320919942605852
719.888	0.6337142288301625
720.42	0.6333849172005214
720.948	0.6341537657413048
721.48	0.6346194860928157
722.008	0.6355692783699671
722.54	0.6356868808677324
723.069	0.6363904520682788
723.601	0.634880954690497
724.13	0.6353152526801132
724.66	0.6371331704718083
725.19	0.6370717120748763
725.721	0.6374985113135636
726.25	0.6367736287422827
726.781	0.637696483318921
727.309	0.6380800768699837
727.84	0.6387441931851464
728.369	0.6388553938194451
728.908	0.6395095421513953
729.435	0.6402408211158708
730.055	0.6403186000477274
730.583	0.640865974201643
731.115	0.6402352268320771
731.644	0.6401419546077572
732.176	0.6405866328561559
732.705	0.6415022311587647
733.237	0.6422762584047316
733.765	0.6427066218276477
734.293	0.6434567611382658
734.821	0.642202534070344
735.352	0.6438289453844807
735.88	0.6443997396559724
736.412	0.644223099957276
736.94	0.6442586136075927
737.472	0.6452236736450446
738.001	0.6444714084504936
738.529	0.6458993929081428
739.057	0.6464047294122649
739.588	0.6456578768591978
740.114	0.6466346582086089
740.646	0.6467084531743825
741.175	0.6471821075552517
741.707	0.6475467820145642
742.231	0.6481404088576677
742.763	0.6477628021465689
743.291	0.6481873208769803
743.824	0.6493606045778434
744.351	0.647942606652179
744.883	0.6492493929883119
745.412	0.6512207655531089
745.942	0.648778280167363
746.471	0.6504014724176739
747.002	0.6502775518533878
747.53	0.6512226801280293
748.062	0.6514439777360962
748.591	0.651675922061283
749.121	0.6525086571889277
749.649	0.6522479634558453
750.179	0.6527747236740501
750.709	0.6527047622475359
751.24	0.6526010285714524
751.768	0.6537482015270584
752.298	0.6554777085957245
752.827	0.654128912140711
753.358	0.6551360071231064
753.887	0.6550333094386269
754.419	0.6539390983455327
754.947	0.6552499485732172
755.479	0.6553887960574063
756.005	0.6561219157220055
756.537	0.6571234332801229
757.065	0.6564375190606311
757.597	0.6564951759572394
758.22	0.658008902437091
758.751	0.6582870139430774
759.278	0.6581573866580098
759.81	0.6588831178628235
760.337	0.6592545785886593
760.868	0.6595293971132309
761.394	0.6596311135240001
761.925	0.6588571655415844
762.452	0.6598299506809093
762.985	0.6610399071465186
763.513	0.6603403872084893
764.045	0.6609001661665596
764.574	0.661308513165309
765.105	0.6613510311693128
765.723	0.6623403373108865
766.249	0.6624519045533827
766.776	0.662013336656111
767.308	0.6629782789633711
767.837	0.6631812929832572
768.368	0.6628912481618311
768.896	0.6635442291363496
769.424	0.6643142026072941
769.952	0.6645959395923452
770.498	0.6649308625613848
771.026	0.6646214498552062
771.556	0.6659236328450737
772.083	0.6661315464300211
772.616	0.6662119436414148
773.143	0.6673898843406527
773.675	0.6673910769074406
774.202	0.6671961655140636
774.735	0.6668573425620641
775.263	0.6679149582686565
775.795	0.6687082025451124
776.324	0.6676305095809171
776.855	0.6684349082675891
777.383	0.6690223312918896
777.915	0.6693222810742508
778.443	0.6703017056520382
778.975	0.6693158593051165
779.503	0.6700981789403577
780.035	0.6716731245078676
780.564	0.6712446600536737
781.095	0.6707582841687658
781.624	0.6719222907327299
782.153	0.6720058914841377
782.68	0.6719406234602163
783.211	0.6726194563622949
783.739	0.672687844363974
784.271	0.673050645688771
784.8	0.6733279315397879
785.332	0.6731513569349918
785.86	0.6728014808048645
786.393	0.6735731246459514
786.922	0.675498786721353
787.454	0.6750533908705645
787.981	0.6753694189600347
788.513	0.675486104691171
789.041	0.675584679010138
789.574	0.6761625967758242
790.101	0.6766729773382466
790.636	0.6767683426508591
791.164	0.6771160275840628
791.695	0.6771939890570763
792.224	0.6784262036498043
792.756	0.6774927790900317
793.284	0.6781419141053502
793.828	0.6788775262214953
794.356	0.6789160269535149
794.888	0.6789543329629181
795.416	0.6796328757330035
795.947	0.6804935515582233
796.476	0.680363985124791
797.007	0.6810110775180318
797.536	0.6808171591318543
798.067	0.6808140677847522
798.593	0.6811695867059635
799.123	0.6824482340899413
799.65	0.682965413147183
800.183	0.6830038170128315
800.711	0.6817905796839054
801.243	0.6818957703841799
801.771	0.6830635488094444
802.3	0.6844432160006328
802.828	0.6844215765803913
803.361	0.6844033593198008
803.889	0.6837642782435047
804.421	0.6853417662569283
804.947	0.685761130245759
805.477	0.6858815609485197
806.005	0.6863175934192784
806.537	0.6864186621029925
807.151	0.6847614832194496
807.685	0.6847721870435856
808.212	0.6868719337552308
808.744	0.687316710341436
809.273	0.6885159523709796
809.801	0.6873654979855826
810.329	0.6881703174517393
810.861	0.688186692872981
811.388	0.690269682322134
811.917	0.689267451242884
812.442	0.6901451210143277
812.975	0.6901877603401877
813.502	0.6904658601693714
814.033	0.6900490964585635
814.563	0.6906919363675986
815.094	0.6905731365250934
815.621	0.6901267530385862
816.153	0.6907681233386502
816.682	0.6920987505941402
817.214	0.6915341873426246
817.742	0.6919126440090745
818.273	0.6921429816698283
818.802	0.6923239036742828
819.334	0.693429866623107
819.863	0.6941171215978129
820.394	0.6938640035304365
820.923	0.694536674492395
821.455	0.6952335476026533
821.983	0.6955245817037928
822.514	0.6953425159857219
823.043	0.6957833144147804
823.575	0.6955570901851396
824.104	0.6956830226220553
824.636	0.6964291636112265
825.165	0.6968263594820209
825.697	0.6962135761395163
826.224	0.6973521456713948
826.756	0.6972184927452483
827.283	0.6972383430559522
827.815	0.697435712463379
828.344	0.6981647123672606
828.876	0.6991213605448587
829.404	0.6988612102483858
829.936	0.6993341372433796
830.463	0.7001426877631277
830.995	0.7003453802588206
831.525	0.7005602558783595
832.056	0.6997407136903091
832.584	0.7015426378885169
833.111	0.7008874071802198
833.639	0.7009866646928591
834.171	0.7014331515791747
834.699	0.7025518238063635
835.228	0.702501095799201
835.757	0.7027064450416339
836.289	0.7027108336728454
836.816	0.7031590004190175
837.36	0.7038299629359484
837.888	0.7037210519297975
838.42	0.703877650123058
838.948	0.7039097500884218
839.48	0.704841208493819
840.009	0.7061206750919617
840.54	0.7050398573169101
841.068	0.7047575438368247
841.6	0.7052181745910884
842.129	0.7058069244039068
842.66	0.7070699306564664
843.188	0.7064820463017729
843.719	0.7067369311256511
844.247	0.7063241432147049
844.779	0.7077649431313948
845.307	0.707511067618214
845.839	0.7070541455369503
846.367	0.7083554225487206
846.9	0.7085913059540228
847.429	0.7092083848920582
847.958	0.7093895896581575
848.485	0.7093752246107955
849.017	0.7097155519177831
849.545	0.7105402246597736
850.077	0.7112422554550377
850.603	0.7107265274382726
851.135	0.7110651612608053
851.661	0.7109822282408479
852.193	0.7114618224351176
852.722	0.7117292794390654
853.254	0.7123544580396055
853.781	0.711948693936927
854.313	0.7131059172756689
854.842	0.7116144230705584
855.373	0.7123483918398121
855.992	0.7135789434241577
856.524	0.7142863452598518
857.052	0.7134093299213129
857.579	0.7147277020162951
858.106	0.7143344504704789
858.634	0.7155824458779514
859.161	0.7160663309684888
859.692	0.7158717985430014
860.219	0.7157322594931044
860.751	0.7160111936288328
861.279	0.7156017170546795
861.812	0.715211877948725
862.339	0.716534668847382
862.869	0.7174775056179011
863.397	0.7187237769302582
863.929	0.7170809448154566
864.458	0.7175481593814454
864.99	0.7185093268753827
865.518	0.7185356470436316
866.05	0.7197442727751756
866.578	0.719418245314958
867.111	0.7210579396420618
867.635	0.7193676299039359
868.166	0.7203330524886556
868.694	0.7214132402702045
869.227	0.7201579834106503
869.754	0.7205602256349495
870.287	0.721575785300777
870.815	0.7222153978507954
871.347	0.7221330711182864
871.876	0.7212859572486434
872.409	0.7224432706400646
872.937	0.7225177549841855
873.469	0.7226220468855679
873.997	0.7226896701152139
874.528	0.7230546307753866
875.054	0.7238325144060441
875.582	0.7237830764192066
876.109	0.7246203471050674
876.642	0.7253264489351965
877.17	0.7251842792417238
877.7	0.7254847914016607
878.229	0.7250528724691939
878.761	0.7264687447085832
879.289	0.7266756883303868
879.82	0.7268961852433933
880.348	0.727591811154711
880.88	0.7266689927826538
881.408	0.7275612355599972
881.941	0.7272205068527974
882.469	0.7282915733907073
883.0	0.7280576254044667
883.528	0.7292324809669299
884.06	0.7292660049350572
884.589	0.7284787511165007
885.12	0.7299012249352768
885.649	0.7291302870758343
886.181	0.7303817668852488
886.709	0.7291996005998201
887.236	0.7308544176032711
887.764	0.7304977158748511
888.295	0.7304785886331967
888.823	0.7307726596721656
889.356	0.7319260529414139
889.884	0.7307045770388702
890.413	0.7314704415766717
890.942	0.7313718442698928
891.474	0.7311791209985581
892.002	0.7318438136935034
892.533	0.7335591257197527
893.062	0.7329450026935221
893.593	0.7332903451078523
894.122	0.7347091257285384
894.653	0.7332324429794316
895.182	0.7342631828991039
895.713	0.7348375282114579
896.241	0.7340777809499542
896.773	0.7349327947926994
897.3	0.735686339771947
897.831	0.7347022804465059
898.357	0.7362480494633091
898.889	0.7371926396378952
899.508	0.7362547696759532
900.04	0.7373406675637155
900.569	0.7371900057030806
901.101	0.7380172110244269
901.629	0.7378814738213969
902.16	0.7386188327862974
902.69	0.7380821359882433
903.222	0.7388271076389864
903.75	0.7393474484488534
904.282	0.7407646785037292
904.809	0.740479612079499
905.342	0.740154959110115
905.87	0.7402433028283593
906.401	0.7402264209295988
906.929	0.7417005743519673
907.461	0.7405711429439885
907.99	0.7407143915111075
908.521	0.7417506756649374
909.049	0.7421609254404075
909.581	0.7417059799730902
910.11	0.7417740169112974
910.635	0.7422836916783493
911.164	0.7439825947240841
911.696	0.7438965556769054
912.225	0.743131124382627
912.756	0.7437018892361106
913.284	0.7451226645313904
913.815	0.7447191990035882
914.344	0.7441111881198283
914.876	0.744754744561903
915.404	0.744651304668785
915.935	0.745402184312925
916.464	0.7447800110857814
916.995	0.7462207917963857
917.523	0.7452630760152877
918.054	0.7466516863288863
918.579	0.7462849586843132
919.111	0.7468527546856463
919.64	0.7479762459937496
920.171	0.748150626016773
920.7	0.7465863913183868
921.232	0.7477591117340805
921.76	0.748168424667019
922.292	0.7489305276049821
922.82	0.7489975989600802
923.352	0.749783551744077
923.878	0.750135906292456
924.41	0.7497285946602723
924.938	0.7503147617784168
925.469	0.7495689870921428
925.996	0.7501123228195232
926.529	0.7524769689518229
927.057	0.7520636172400961
927.59	0.7518384168204759
928.117	0.7510530904341309
928.65	0.7518466154567921
929.177	0.7530146554594542
929.71	0.7532201161604553
930.237	0.7534713428407669
930.769	0.752825836965735
931.298	0.7544393084859348
931.829	0.7534367099868274
932.358	0.7542264477418773
932.89	0.7542875811777501
933.419	0.7540733468020857
933.947	0.7559641157031879
934.475	0.755039906780533
935.006	0.7557384836888849
935.535	0.7558258763190129
936.063	0.7562926861123639
936.591	0.7565947593852593
937.123	0.7567263055924999
937.65	0.757670090122868
938.182	0.756729107667203
938.71	0.7570672630282785
939.242	0.756787701589064
939.771	0.7580718345386872
940.303	0.7586641754833187
940.828	0.758236062133832
941.354	0.7581656770719811
941.88	0.7578939626069416
942.411	0.7580030261533532
942.936	0.7591924742743441
943.468	0.7594637965521158
943.995	0.7603896171019062
944.528	0.7599751185467218
945.057	0.7601652587068826
945.59	0.7606857754116712
946.118	0.7614244293589124
946.65	0.7618459956437763
947.178	0.7617065175139267
947.71	0.7615560372252169
948.238	0.7621493002770763
948.769	0.7617440333793029
949.298	0.7620651843274671
949.829	0.7625538452330721
950.358	0.763210038259342
950.89	0.7625348590953464
951.418	0.7626501778650161
951.949	0.765006766513625
952.478	0.7645367693419859
953.009	0.7651298561715338
953.537	0.7651285523178244
954.068	0.7659396021355058
954.597	0.7655149237689169
955.129	0.7659423680585961
955.657	0.7668323707938453
956.189	0.7655315807851651
956.717	0.7669547018418582
957.249	0.7665575360746204
957.777	0.7662588257284192
958.309	0.7676140480119779
958.838	0.7683755433236711
959.37	0.7687450888169879
959.898	0.7682714300514628
960.429	0.7677121610097006
960.957	0.768942676769099
961.49	0.7700444498962935
962.018	0.769325927866734
962.549	0.7697790515425401
963.078	0.7698023876515113
963.605	0.7703153435272501
964.132	0.7696685082271587
964.664	0.7709753389713104
965.193	0.770744849758077
965.724	0.7701362222806805
966.252	0.7713950827483141
966.783	0.7713201891285584
967.312	0.7720605242700591
967.843	0.7721630779751426
968.371	0.7722988817060341
968.903	0.7728393765331741
969.431	0.7729023671952607
969.963	0.7744365051318737
970.491	0.7731732734837675
971.024	0.7746931912061159
971.642	0.7730046967165188
972.174	0.7749523056342297
972.7	0.7741874883325238
973.231	0.7743665040254246
973.76	0.7742880990586204
974.292	0.7749320333364007
974.82	0.7757207582172265
975.352	0.7759553578217304
975.877	0.7755134762285772
976.409	0.7770941711276407
976.937	0.7763180309514643
977.467	0.7757752676820305
977.994	0.7770033371815871
978.52	0.7771973318091415
979.047	0.7774850444749186
979.579	0.7781093518182541
980.108	0.7783908753674259
980.638	0.7777579911445158
981.167	0.7790642484895278
981.698	0.7782294961417838
982.227	0.7790439494686217
982.759	0.7784025670460016
983.287	0.7808265865775672
983.819	0.78103737447157
984.347	0.7797294141056277
984.879	0.7798385808233855
985.404	0.7812647419007582
985.936	0.7812109364551286
986.463	0.7815385863462305
986.991	0.7817633857194557
987.519	0.7822634041459312
988.05	0.7825164376555822
988.579	0.7822059002066339
989.11	0.7828609158219525
989.639	0.7828321029976847
990.172	0.782738749700136
990.701	0.7828560742186923
991.232	0.7834803432920381
991.761	0.7830420510296556
992.292	0.7831925503419697
992.82	0.7844894093553516
993.352	0.7853284404719069
993.88	0.7843973085670098
994.412	0.7857759286864893
994.94	0.786389889500733
995.473	0.7863098699295247
996.001	0.7851549009281966
996.532	0.7861958699441903
997.061	0.7862637467710769
997.594	0.7861279433263348
998.12	0.7872543448993574
998.651	0.7871106985874393
999.179	0.7879103797744091
999.711	0.7875319040523131
1000.239	0.7872564406241401
1000.771	0.7885324812332448
1001.299	0.7882940583544263
1001.825	0.787907293229111
1002.349	0.7896365693269277
1002.873	0.7899373107250311
1003.401	0.790608871070969
1003.933	0.7893220506616297
1004.461	0.7891216362667853
1004.993	0.7908977544957132
1005.521	0.7898120987446996
1006.052	0.7912955958928158
1006.581	0.7917630013293923
1007.113	0.7909901542576852
1007.642	0.790969444088273
1008.172	0.7920625156320985
1008.701	0.7914512322239861
1009.233	0.7917544635552208
1009.761	0.7929959033731495
1010.293	0.793351590114733
1010.821	0.7925229063045122
1011.354	0.7927436883032069
1011.883	0.7942340147275749
1012.411	0.7944249122216146
1012.938	0.7947379964864331
1013.47	0.7956206397972413
1013.998	0.7943561566909074
1014.53	0.795704899355476
1015.057	0.7968214195602764
1015.59	0.7963997844310791
1016.118	0.7974702045459193
1016.65	0.7956526221438547
1017.177	0.7967555163161741
1017.709	0.7973152994681868
1018.237	0.7965038168020284
1018.769	0.796685570324645
1019.298	0.7973732522416571
1019.828	0.7969238444519787
1020.357	0.7973825716136452
1020.884	0.7986241623330034
1021.411	0.7984977319637871
1021.944	0.7977668505065734
1022.472	0.7982732545474247
1022.998	0.7995944679156775
1023.525	0.8004749032712857
1024.057	0.8000375314415186
1024.585	0.7987370195714363
1025.116	0.8005388263411559
1025.644	0.8008138424865252
1026.177	0.8005224017107386
1026.703	0.8016105025064478
1027.234	0.8011604310890658
1027.762	0.801162615310425
1028.294	0.801153508285279
1028.822	0.8011527455395188
1029.354	0.8015181215276277
1029.882	0.8024189061142116
1030.413	0.8024648930804662
1030.941	0.8029194970695659
1031.473	0.8033394319172293
1032.002	0.8027525059306296
1032.533	0.8039637777932446
1033.151	0.8049036330436746
1033.682	0.8047065815447035
1034.209	0.8048009762035442
1034.741	0.8063857334144595
1035.27	0.8045449931960771
1035.802	0.8052898027482374
1036.331	0.8057753198318144
1036.864	0.8070613882640635
1037.392	0.8051346900990042
1037.919	0.8065165744870222
1038.448	0.805794750028583
1038.98	0.8069206721631108
1039.509	0.8067115286779404
1040.041	0.8075253443243201
1040.569	0.8083768298234905
1041.1	0.8082662112976954
1041.629	0.8079798984141073
1042.16	0.808393393741514
1042.689	0.808491863958581
1043.22	0.8096851071876584
1043.746	0.8094035265099643
1044.278	0.8090949296474275
1044.807	0.8099342156841359
1045.339	0.8095549939323211
1045.867	0.8096029311493901
1046.398	0.8101208157828302
1046.926	0.811039728432319
1047.458	0.8107958480831737
1047.986	0.8107255835497154
1048.518	0.8105971833098352
1049.046	0.8115527029695845
1049.577	0.8111485674370333
1050.104	0.81177618911135
1050.635	0.8114069853462115
1051.163	0.8115151348860964
1051.694	0.8136596031215411
1052.223	0.8123298044298659
1052.755	0.8132361009187248
1053.283	0.8138248883826432
1053.814	0.8128368833895532
1054.343	0.8127457002925842
1054.874	0.8137653518513519
1055.403	0.8145657953493087
1055.934	0.8145946530437462
1056.463	0.8151917090755586
1056.994	0.8144595326758906
1057.521	0.8163100262453583
1058.054	0.8148013230329894
1058.582	0.8159213603505039
1059.113	0.8167993990415323
1059.641	0.8158470325638096
1060.171	0.817464988593993
1060.699	0.8181853789135403
1061.231	0.816532675514509
1061.759	0.8172616561799656
1062.293	0.8173855779580855
1062.82	0.8183479505593024
1063.352	0.8181707595374973
1063.881	0.8185571878859129
1064.413	0.8181119832951044
1064.941	0.8195527538076566
1065.473	0.8181328589206188
1066.002	0.819660548528489
1066.533	0.8191232949870445
1067.061	0.8192295620755634
1067.588	0.8207211860216251
1068.115	0.8209693587932166
1068.647	0.8206779500616538
1069.266	0.8215045650144076
1069.798	0.8213749440067236
1070.324	0.821469084460812
1070.855	0.8216734155396521
1071.382	0.8225286804622257
1071.913	0.8228355236483644
1072.441	0.8222451455219495
1072.973	0.8229084423232781
1073.502	0.8216811729754315
1074.034	0.8233220357300877
1074.563	0.8230182091614293
1075.095	0.8227508235888945
1075.624	0.8244895046932115
1076.155	0.8235622008020426
1076.684	0.8240073838016895
1077.213	0.8243881723381559
1077.74	0.8247215592480508
1078.271	0.825685072039977
1078.8	0.8249171775085105
1079.332	0.8242681932013954
1079.86	0.8262101939834265
1080.393	0.8259691051444621
1080.922	0.8263635945689937
1081.451	0.8270156349536201
1081.978	0.8257920121629958
1082.51	0.8268587719326761
1083.04	0.8269224317403969
1083.574	0.8269721398413918
1084.103	0.8273073564223421
1084.634	0.8278242177910473
1085.163	0.8292485746994079
1085.696	0.8282112701662251
1086.223	0.8296446118104929
1086.757	0.8290364029299152
1087.285	0.8292252811897357
1087.818	0.829599431044731
1088.346	0.8299455221250399
1088.878	0.8303190329568056
1089.405	0.8313857618009672
1089.937	0.8317331568477571
1090.467	0.8301787361058964
1090.999	0.8296546594904268
1091.527	0.8304562631908138
1092.057	0.8319416539230047
1092.583	0.8313491635387668
1093.115	0.8321851496491988
1093.641	0.8327087865760888
1094.171	0.8319619646038168
1094.699	0.83222574949993
1095.231	0.833988100933638
1095.759	0.8329370278533659
1096.291	0.833691707845203
1096.818	0.8342694683364085
1097.351	0.8340311573414488
1097.971	0.8333598999447867
1098.501	0.834444744638814
1099.03	0.8343995051496607
1099.562	0.8338104672752293
1100.09	0.8349785290639601
1100.622	0.8353397100641576
1101.15	0.8357842448369336
1101.681	0.8344123265804158
1102.21	0.8354011240498279
1102.741	0.8360310193897857
1103.269	0.8357197177759415
1103.801	0.836696442033241
1104.33	0.8357019129981358
1104.861	0.83594006599471
1105.389	0.836774296292629
1105.92	0.8348445664674865
1106.448	0.8371629273145607
1106.979	0.8375013227728314
1107.508	0.8381250113383906
1108.04	0.8381209600896055
1108.568	0.8385960886820276
1109.1	0.8371089430089845
1109.628	0.8385046149760946
1110.159	0.8383262374563604
1110.688	0.8393032529692548
1111.214	0.8389569085870493
1111.822	0.8401089374623592
1112.352	0.8387427450087951
1112.879	0.8408024575285158
1113.411	0.8399085891036545
1113.94	0.8401667892217191
1114.471	0.8406458991432084
1115.005	0.842045806486199
1115.536	0.8413040653771069
1116.065	0.8414140539775312
1116.595	0.8405049218783963
1117.126	0.8417991827266693
1117.658	0.8431663936705799
1118.185	0.8431592353537948
1118.717	0.8429483706557386
1119.245	0.8433426895529119
1119.777	0.8433851187219852
1120.305	0.8443237549741771
1120.837	0.8434876099238632
1121.367	0.8438332603882401
1121.899	0.8434285951013765
1122.428	0.8447557674502766
1122.959	0.8449588612808532
1123.488	0.8443395385376585
1124.019	0.8449648867609147
1124.547	0.8447564694844263
1125.079	0.8458145087315075
1125.608	0.8456676804558066
1126.139	0.8472614781586287
1126.668	0.8457904629121369
1127.199	0.8459555659339214
1127.728	0.8462501864396562
1128.256	0.8459935072691407
1128.784	0.8453937794406514
1129.312	0.8470052883613692
1129.84	0.8471329414192293
1130.372	0.8481720646136846
1130.901	0.848865836803006
1131.433	0.8478279002154077
1131.961	0.8486722911290483
1132.493	0.8506935889813332
1133.021	0.8485974879056499
1133.552	0.8498596413472115
1134.081	0.8488485876393457
1134.613	0.8493149161646006
1135.141	0.8498519844065734
1135.673	0.8497266197094169
1136.202	0.8510084822663898
1136.734	0.8510641610397071
1137.262	0.8505667854822845
1137.794	0.850866901785138
1138.322	0.850468346453047
1138.853	0.8518273272705316
1139.471	0.8511267093109383
1139.999	0.8515302857319634
1140.526	0.8503636697744086
1141.055	0.8510636192616535
1141.583	0.8534611655160227
1142.114	0.8523473203518196
1142.643	0.852624893278727
1143.175	0.852493374257858
1143.702	0.8530185805898352
1144.235	0.8529436953852179
1144.763	0.8546703042071423
1145.295	0.8535934959892575
1145.823	0.8543818340052032
1146.355	0.8539699286367584
1146.884	0.8559693885437328
1147.411	0.8551083915739046
1147.94	0.8540631373161733
1148.471	0.8554847729775584
1149.0	0.8543667701054944
1149.531	0.8560504350629407
1150.06	0.8552702611165001
1150.591	0.8568301079378933
1151.219	0.8562445426067722
1151.75	0.8566976991513597
1152.278	0.8574035142341401
1152.809	0.8581779657672878
1153.338	0.8579560907523991
1153.87	0.857573651608592
1154.397	0.857267194176146
1154.929	0.8591248312277587
1155.457	0.8589106299337422
1155.989	0.8590895274121588
1156.518	0.8574428110627574
1157.049	0.8592443377001537
1157.578	0.8593347987248623
1158.109	0.8593024485507333
1158.638	0.8589559962167727
1159.165	0.8600063492144158
1159.69	0.860547960810994
1160.223	0.8592270131787744
1160.75	0.8608023671816919
1161.28	0.8599137073817561
1161.807	0.8610985948150628
1162.338	0.8619868034819895
1162.868	0.8620322030771371
1163.4	0.8607480090095354
1163.928	0.8606388152468786
1164.459	0.8627794258164179
1164.988	0.8624676564072988
1165.519	0.8619678769796616
1166.048	0.8636479879821843
1166.58	0.8623187997743592
1167.11	0.863124666063751
1167.642	0.8649610507516535
1168.17	0.8642797810816114
1168.702	0.8636779023008158
1169.23	0.8642367044748971
1169.763	0.8644351395454634
1170.291	0.8642404624366326
1170.818	0.8654045638039393
1171.347	0.8653739165060966
1171.879	0.8652539852709388
1172.408	0.864889773938122
1172.939	0.8661545164066214
1173.468	0.8660950425732168
1174.0	0.8658310838818806
1174.528	0.8661469102239425
1175.06	0.8669550419787163
1175.586	0.8659588107802162
1176.119	0.866464387060872
1176.648	0.8661480287931882
1177.179	0.8674576520179593
1177.707	0.8677273957696618
1178.24	0.866598246461445
1178.858	0.8686371303137425
1179.383	0.8683224052430724
1179.911	0.8682845540156408
1180.442	0.8689431029413097
1180.969	0.8679719241225959
1181.5	0.8687138980771424
1182.027	0.8688991756829887
1182.559	0.8689848850327586
1183.088	0.8696459552984876
1183.62	0.8708822230884915
1184.149	0.8704654953534104
1184.68	0.8697775647050928
1185.208	0.8709061255377367
1185.741	0.871623409091562
1186.268	0.872527899185174
1186.801	0.8712195242190859
1187.329	0.8719426183260279
1187.86	0.8716501100308205
1188.389	0.8726177307435512
1188.92	0.872044709353363
1189.449	0.871183022690395
1189.98	0.8725679307465981
1190.508	0.8738974715245997
1191.04	0.8740012566018399
1191.569	0.8740292259290862
1192.1	0.874550707842341
1192.627	0.8749768068149303
1193.158	0.8754668590107666
1193.686	0.8753494867296315
1194.217	0.8730961713790591
1194.745	0.8743784558779495
1195.272	0.8759984418452706
1195.8	0.8752240549527724
1196.331	0.8765568616671118
1196.86	0.8758534990754347
1197.392	0.8762713236552889
1197.921	0.8767520766019113
1198.452	0.8764598812023441
1198.98	0.8779302463961552
1199.513	0.8775564065673959
1200.041	0.8778609543143299
1200.573	0.877138285782308
1201.101	0.8776532269568209
1201.633	0.8773529393226357
1202.161	0.8773961118233838
1202.689	0.8776365635957801
1203.218	0.8776899595381232
1203.751	0.8792762744133688
1204.279	0.8798423106665957
1204.811	0.8794886328090592
1205.339	0.8792983492902425
1205.87	0.8792223409374257
1206.399	0.8792016723699961
1206.93	0.8815978001099112
1207.55	0.8807630418197512
1208.082	0.8813820968511237
1208.611	0.8804514194270514
1209.144	0.8804468707971048
1209.672	0.8825497900879702
1210.203	0.8812227934299377
1210.731	0.8816159490658244
1211.264	0.881923321547523
1211.792	0.8824802930498195
1212.323	0.8822920208145897
1212.852	0.8820927639195579
1213.383	0.8818629485779057
1213.911	0.8825095311178603
1214.443	0.8820063303207891
1214.972	0.8822573876066258
1215.504	0.8827643488368206
1216.031	0.8829377585359127
1216.563	0.8827040850730423
1217.09	0.8837555366940328
1217.618	0.8841882975462092
1218.145	0.8831689710054559
1218.677	0.8853147648732096
1219.204	0.8855100285004418
1219.736	0.8845074204780811
1220.266	0.8854124019514115
1220.798	0.8862376914288262
1221.326	0.8849313517516482
1221.857	0.8854908960532434
1222.386	0.8857231716137742
1222.918	0.8877218915622053
1223.444	0.8866607585930416
1223.979	0.8861171280490264
1224.507	0.8868821728652017
1225.039	0.8878167649692468
1225.567	0.8880320521652612
1226.099	0.8878579605838168
1226.627	0.887824803874523
1227.158	0.8877128879446853
1227.687	0.8875483220300515
1228.22	0.8890001848813588
1228.748	0.8889327954978365
1229.28	0.8889430396468354
1229.805	0.8905640437713065
1230.333	0.8905583440363424
1230.86	0.8893558344153868
1231.392	0.8912668021663579
1231.92	0.890207992783683
1232.451	0.8899931208562925
1232.979	0.8909741945034837
1233.51	0.8895108836561425
1234.039	0.8913894916752427
1234.574	0.890177224868682
1235.103	0.8923226317323772
1235.634	0.8915260163365584
1236.163	0.8914888329677565
1236.695	0.8927958608792788
1237.223	0.8930650034532024
1237.754	0.8934176997766158
1238.281	0.8933798269484876
1238.813	0.8946072541528743
1239.342	0.893144834419281
1239.874	0.8940138712713528
1240.402	0.893055290701476
1240.93	0.8944965894106112
1241.457	0.8928226769263028
1241.985	0.8936502398176359
1242.513	0.8941984241843752
1243.045	0.8952064104586609
1243.674	0.895819253794453
1244.204	0.8959517716429
1244.731	0.8943962275629729
1245.259	0.8966068180116157
1245.786	0.8962807076705183
1246.317	0.8978369051901823
1246.845	0.8954002879425781
1247.377	0.8971484660480641
1247.906	0.8953529195166842
1248.437	0.8970696707129779
1248.965	0.896131641622281
1249.497	0.8978513194978092
1250.026	0.896740701668927
1250.558	0.8981197985433325
1251.084	0.8982195933516148
1251.616	0.8981539315053768
1252.141	0.8988227420638796
1252.766	0.8977554962479399
1253.294	0.9001284026440393
1253.828	0.9001174807162244
1254.357	0.8996190524046328
1254.889	0.9011955065871083
1255.417	0.9008993661850304
1255.95	0.9009899861218928
1256.478	0.9001579046139472
1257.01	0.9003553780930081
1257.537	0.8997046484993328
1258.07	0.9005078031168118
1258.596	0.9004514256680451
1259.128	0.9019535714061727
1259.656	0.9012125117102179
1260.188	0.902221689942194
1260.716	0.9013678976768232
1261.248	0.9032705841973949
1261.776	0.9027013832029679
1262.309	0.9030203918965143
1262.836	0.9035317018042539
1263.369	0.9020498484882157
1263.897	0.9034879551180649
1264.428	0.9028929371847672
1264.957	0.9026923297273199
1265.488	0.9034399705859195
1266.017	0.9032564677503551
1266.548	0.9045072780310833
1267.077	0.9035155829035366
1267.608	0.9049798052567349
1268.136	0.9047301319163313
1268.667	0.9049880902008743
1269.195	0.9047021111873772
1269.727	0.9044804029451079
1270.255	0.9057260586666821
1270.786	0.9049041904996701
1271.315	0.9047441368667313
1271.847	0.9051055250891792
1272.473	0.9057323188364167
1273.004	0.9057970754835555
1273.531	0.9069631033094294
1274.063	0.9055628342325176
1274.592	0.9062314389621557
1275.124	0.9071013548925321
1275.652	0.9060305499294425
1276.183	0.9075119013049916
1276.711	0.908833083038203
1277.243	0.9091944928282262
1277.771	0.908701267725065
1278.301	0.9089169592095202
1278.827	0.9085220595048128
1279.359	0.908807908671567
1279.885	0.9104360117068785
1280.416	0.9094531735998514
1280.945	0.9088846477674942
1281.477	0.9105490775855425
1282.005	0.9098531954986903
1282.536	0.9101460426776219
1283.064	0.9095970119770312
1283.596	0.9104857718673212
1284.124	0.9113078547789758
1284.657	0.9120903944336325
1285.185	0.9109189629859156
1285.717	0.9112093483462722
1286.243	0.9117271034714821
1286.779	0.9125508537999013
1287.307	0.911683580950915
1287.839	0.9131375601043746
1288.367	0.9126091073745133
1288.898	0.9134015881143135
1289.428	0.913077720057534
1290.052	0.912665520724502
1290.581	0.9146432422247096
1291.112	0.9136519324111462
1291.64	0.9152587777355704
1292.173	0.9146116941720565
1292.7	0.9160036809722881
1293.231	0.9147871348876415
1293.759	0.9158599361374014
1294.292	0.9140067173563434
1294.82	0.9156929681051595
1295.352	0.9163859345250136
1295.878	0.9167665840983417
1296.41	0.9168209994784433
1296.937	0.9163423565098957
1297.556	0.9151844049890734
1298.083	0.9173835964008684
1298.615	0.9172790229368258
1299.144	0.9165241730800433
1299.675	0.9180944218139027
1300.203	0.9177974986691788
1300.731	0.9175896487921209
1301.258	0.919647948039046
1301.79	0.9177339692153358
1302.318	0.9176927768860406
1302.852	0.9176216629917716
1303.379	0.9181482393073267
1303.911	0.919543166746843
1304.439	0.9180575579080198
1304.973	0.9194449519457419
1305.5	0.9191247559677597
1306.031	0.9202614024121518
1306.56	0.9209314901917485
1307.092	0.9194169446088003
1307.62	0.9205493588912608
1308.151	0.9211513581667501
1308.68	0.9210827981618689
1309.212	0.9206930891512942
1309.748	0.9216894698609845
1310.276	0.9210530616169648
1310.803	0.921341864024347
1311.333	0.9213056520201648
1311.861	0.9210950390701528
1312.392	0.9203320110304252
1312.92	0.9217614088077806
1313.451	0.9229668065834773
1313.979	0.9221172173240226
1314.511	0.922848401917217
1315.04	0.9236254221787293
1315.572	0.9241932925350388
1316.194	0.9220129104432032
1316.727	0.9237028528123425
1317.255	0.9252889858534379
1317.787	0.9228481707565575
1318.314	0.9248742573093158
1318.846	0.9249603862471509
1319.374	0.924347332191984
1319.9	0.9247995141384284
1320.428	0.9253996941620546
1320.959	0.9256083125864253
1321.485	0.9263326452437305
1322.016	0.9258559450373759
1322.545	0.9261158645365956
1323.076	0.9247300712394609
1323.604	0.927815730255545
1324.137	0.9260411843045768
1324.665	0.9262662963129558
1325.19	0.9271598040926182
1325.718	0.9274271833026565
1326.249	0.9275467606037248
1326.779	0.9275116285496959
1327.31	0.9272605068229952
1327.839	0.928127889360569
1328.37	0.9277411715232013
1328.899	0.928661242857978
1329.43	0.92895095879611
1329.959	0.9290944381531487
1330.491	0.9288419267045642
1331.019	0.929255122248775
1331.551	0.9271093524604002
1332.079	0.9291866664525563
1332.606	0.9288928832805802
1333.131	0.931027988633686
1333.663	0.929488266858618
1334.191	0.9307847654718711
1334.722	0.9309975404020597
1335.252	0.9302060752952427
1335.784	0.9300090124319212
1336.312	0.9315128591266152
1336.845	0.9328192176981059
1337.376	0.9323438506163844
1337.907	0.9318223555127887
1338.436	0.9314805883182534
1338.967	0.9310666905510084
1339.495	0.9319776565345562
1340.026	0.9309525215155081
1340.554	0.9323783540832835
1341.082	0.9322133010357994
1341.61	0.9332518449937035
1342.142	0.9338977221114001
1342.67	0.931877185689402
1343.201	0.9338631903931602
1343.729	0.9351266474879536
1344.262	0.9335300211609737
1344.787	0.9346448657227914
1345.319	0.9346567277617043
1345.846	0.9343575379913696
1346.378	0.935243781515152
1346.907	0.9342698125855293
1347.439	0.9350103834014262
1347.966	0.9351021199140146
1348.498	0.9366106571093373
1349.026	0.936782622586617
1349.558	0.9368362554604875
1350.087	0.9375567907186872
1350.619	0.9366429886235977
1351.147	0.9368457364964575
1351.679	0.9358206320578804
1352.207	0.9368042079101354
1352.74	0.9367814588987782
1353.268	0.9378509132087328
1353.8	0.9384951721236939
1354.328	0.9384098528657132
1354.86	0.9380391323124093
1355.389	0.9373072647043668
1355.915	0.9382378841154819
1356.442	0.9394748545812467
1356.973	0.9405071715236082
1357.501	0.9397701955033362
1358.03	0.9385841707701966
1358.558	0.938637307056339
1359.09	0.9400881563396867
1359.617	0.9399866913891386
1360.15	0.9412550271117062
1360.677	0.9402574208153587
1361.209	0.9412298337271287
1361.737	0.9410337253860493
1362.269	0.9400679391592919
1362.901	0.940840492385952
1363.431	0.9414680097871748
1363.961	0.9424253672578888
1364.492	0.9427311272263524
1365.021	0.9442480558865394
1365.552	0.9419471711966633
1366.081	0.9434060293878497
1366.612	0.9423647486995097
1367.14	0.941957464472002
1367.671	0.9432319744161772
1368.199	0.9435843838619534
1368.732	0.942834092272605
1369.26	0.9439478346533547
1369.791	0.9433809836443172
1370.323	0.9436375323139162
1370.854	0.943996631136857
1371.382	0.9451362093223736
1371.914	0.943131110651281
1372.443	0.9431964696208126
1372.974	0.9447672749495638
1373.503	0.9454004893460838
1374.034	0.9451919582061581
1374.563	0.9463651515479967
1375.095	0.9460994832826638
1375.623	0.9449675807896057
1376.155	0.9465657019660417
1376.68	0.9473359298222155
1377.212	0.9459316655662294
1377.74	0.9477081168291038
1378.272	0.9458724999308186
1378.8	0.28867994386558654
1379.332	-0.02829620860933531
1379.86	-0.028180889306335992
1380.392	-0.02822746024925125
1380.92	-0.027975498981204012
1381.447	-0.027981186579524978
1381.975	-0.027660500387157456
1382.508	-0.027950227850124364
1383.035	-0.0281057977684046
1383.568	-0.027852960007465444
1384.096	-0.028245823491243056
1384.628	-0.028102410950070655
1385.155	-0.028252099323536638
1385.688	-0.0277385388499286
1386.216	-0.028220211063418876
1386.748	0.09223037522458317
1387.276	0.1075420245792729
1387.808	0.11161462731217978
1388.337	0.11348125936005134
1388.868	0.11443246426738941
1389.396	0.11488498463277423
1389.928	0.11322341928332218
1390.457	0.11351672276831293
1390.987	0.11359183166643622
1391.516	0.11382069809323044
1392.047	0.11355328350436034
1392.576	0.11336645177815459
1393.103	0.1130191407658658
1393.632	0.11334833559031922
1394.164	0.11338078536587909
1394.691	0.1125737005348905
1395.223	0.1124703061558335
1395.75	0.11183463601798863
1396.282	0.11160562021580854
1396.81	0.11143474497373788
1397.342	0.11127195399561965
1397.871	0.11068759102393454
1398.4	0.11034060355766952
1398.926	0.11050552079732998
1399.458	0.10994023596246713
1399.986	0.10978102136697661
1400.519	0.10971409515367704
1401.047	0.1101664361313472
1401.579	0.10944597880527263
1402.109	0.11032666146102137
1402.639	0.11038475459441835
1403.167	0.10995683540442723
1403.7	0.11011647166493038
1404.223	0.11012024105907448
1404.75	0.10979455696846493
1405.273	0.11027688785200167
