##################################################
# DATA EXPORT AND TRANSFORMATION REPORT
#
# Original File: 110 uL a1 0,075 ph 4,35.xlsx
# Experiment Start Date/Time: 27-06-2025 15:54:10
# Processing Date: 10-07-2025 8:48:42
#
# Operations Performed:
# - Column 1 (Time): Read from Excel Column B (milliseconds), divided by 1000.
# - Column 2 (Absorbance): Read from Excel Column C, comma decimal converted to dot decimal.
##################################################

Time (s)	UA
11.837	8.43139558590691E-02
12.442	8.46194499399042E-02
12.971	8.42332538575835E-02
13.499	8.47951117141529E-02
14.024	0.084321065701002
14.548	8.44827385263196E-02
15.08	8.50042922914389E-02
15.609	8.48293534672546E-02
16.138	8.49006586891413E-02
16.666	8.52064655232613E-02
17.198	8.48531818973656E-02
17.726	8.47746880810558E-02
18.259	8.42220874297264E-02
18.787	8.50456329872297E-02
19.32	8.47447511887956E-02
19.939	8.47925083756704E-02
20.521	8.45765988968899E-02
21.136	8.47968633229775E-02
21.668	8.44978421770294E-02
22.193	8.47156891485635E-02
22.726	8.48542744706934E-02
23.251	8.47108123628224E-02
23.783	8.46231451045893E-02
24.311	8.42553583240553E-02
24.843	8.45004433802453E-02
25.373	8.49592767205011E-02
25.905	8.42819355035395E-02
26.433	8.43147680378476E-02
26.965	8.45876206326165E-02
27.493	8.45818520011245E-02
28.025	8.42364025217543E-02
28.553	8.42560254169642E-02
29.085	8.46359380713436E-02
29.613	8.41292100841923E-02
30.144	8.45399652447225E-02
30.674	8.44810987238679E-02
31.205	8.44778682600297E-02
31.733	8.44490986002955E-02
32.266	8.49893849686789E-02
32.793	8.48739236239699E-02
33.321	8.47213274690356E-02
33.849	8.44389200527302E-02
34.38	8.44447367240872E-02
34.909	8.47536480953244E-02
35.434	8.46034376999079E-02
35.958	0.084681315816805
36.485	8.47001782657889E-02
37.011	8.48427541451704E-02
37.539	8.46572042910825E-02
38.067	8.53455613230957E-02
38.6	8.51011690080901E-02
39.128	8.46613999747333E-02
39.66	8.50815536687621E-02
40.209	8.52582032875953E-02
40.83	8.47952298424586E-02
41.358	8.46939090912821E-02
41.89	8.50213175156717E-02
42.419	8.53644634792916E-02
42.946	8.50049786050897E-02
43.474	8.47751693450565E-02
44.005	8.54536991267981E-02
44.533	8.53823601122749E-02
45.062	8.54239501487027E-02
45.588	8.50456049285037E-02
46.119	8.49737830463355E-02
46.645	8.53669226442225E-02
47.177	8.49953110170057E-02
47.706	8.48472676068109E-02
48.239	8.53504056019296E-02
48.767	8.52540723018125E-02
49.3	8.48367780263106E-02
49.826	8.48508016162994E-02
50.358	8.44349734971022E-02
50.886	8.53809700841375E-02
51.418	8.52063156332858E-02
51.946	8.55391272047119E-02
52.479	8.53836863393615E-02
53.007	8.49272652741584E-02
53.541	8.45169439344724E-02
54.068	8.46421315728405E-02
54.599	8.47909632552334E-02
55.13	8.49327639563369E-02
55.66	8.49506737663435E-02
56.185	8.55859634859193E-02
56.713	8.52214831585646E-02
57.238	8.54179638116311E-02
57.766	8.49689240533748E-02
58.292	8.49229762614536E-02
58.824	8.51588919488082E-02
59.353	8.49998136946403E-02
59.885	8.52996188372131E-02
60.441	8.49282636942966E-02
61.065	8.54271518782413E-02
61.59	8.48461361982344E-02
62.122	8.45369329979471E-02
62.65	8.49800512294139E-02
63.182	8.51051759873209E-02
63.708	8.54459182627895E-02
64.24	8.50012460174046E-02
64.768	8.48191945393809E-02
65.3	8.45129371781705E-02
65.826	8.47554842205714E-02
66.359	8.52229951912792E-02
66.887	8.48942039696105E-02
67.42	8.53772092924822E-02
67.949	8.49197522884385E-02
68.483	8.47728416277474E-02
69.011	0.085275334096332
69.543	8.51428693023845E-02
70.071	8.53973061495083E-02
70.602	8.50094408354946E-02
71.129	8.49929677666087E-02
71.657	8.49877748789415E-02
72.185	0.084619107851888
72.717	8.48109734192633E-02
73.245	8.46718362717442E-02
73.778	8.53437024206642E-02
74.306	8.45993333630463E-02
74.838	8.47563630112554E-02
75.368	0.085233221025346
75.9	8.45954904047379E-02
76.429	8.49106301734813E-02
76.961	8.45426199917741E-02
77.489	8.45555010765999E-02
78.022	8.49045763047842E-02
78.547	0.084692164482796
79.075	8.53368590815362E-02
79.601	8.51652085547442E-02
80.142	8.41431718928609E-02
80.744	8.41150892755592E-02
81.277	8.46275637921475E-02
81.806	8.42026774810569E-02
82.338	8.43180047634879E-02
82.868	0.08470916306062
83.4	8.45397217684674E-02
83.928	8.40190486455145E-02
84.456	8.40009438484283E-02
84.984	8.39771308220287E-02
85.517	8.44542765714292E-02
86.046	8.43548748037707E-02
86.579	8.39299186260183E-02
87.108	8.43937331678554E-02
87.64	8.47266640941889E-02
88.169	8.38522803261292E-02
88.701	8.42052100142723E-02
89.306	8.43439483683451E-02
89.838	8.41613007983967E-02
90.364	8.42791742641137E-02
90.896	8.41407131494108E-02
91.424	8.41611655743661E-02
91.956	8.40409619949271E-02
92.485	8.43371335729337E-02
93.018	8.38599166400266E-02
93.546	0.084250555061156
94.078	8.41289837465178E-02
94.608	8.38993512252679E-02
95.139	8.37229908994942E-02
95.667	8.37963247712952E-02
96.199	8.35883810868282E-02
96.728	8.36854095617796E-02
97.259	8.38855438670063E-02
97.789	8.34581651934663E-02
98.318	8.37131694468675E-02
98.846	8.34391679505497E-02
99.373	8.34527545225052E-02
99.901	8.36171585348772E-02
100.45	8.33311984386953E-02
101.059	0.083375559033983
101.591	8.35265087774669E-02
102.12	8.33356696717564E-02
102.653	8.32575782514213E-02
103.181	8.32784979251003E-02
103.714	8.36519378928708E-02
104.24	8.34680457104412E-02
104.772	8.35230034223043E-02
105.301	8.36349920897542E-02
105.833	8.30904344852432E-02
106.361	8.33647095579908E-02
106.893	8.32808832857897E-02
107.421	8.32099651134245E-02
107.953	8.32032146053362E-02
108.478	8.34617734233683E-02
109.009	8.32290437415378E-02
109.538	8.31856559922321E-02
110.067	0.083119409501379
110.594	8.34776823868884E-02
111.125	8.37336056068019E-02
111.654	8.30496114295748E-02
112.186	8.37039268716451E-02
112.714	8.31626259395228E-02
113.247	0.082825272297655
113.774	8.34785931695504E-02
114.307	0.083659190531204
114.835	8.32910751720617E-02
115.368	8.31623051673446E-02
115.896	8.36803614002672E-02
116.429	0.083285790177535
116.958	8.36232339737791E-02
117.491	8.32717620937945E-02
118.02	8.34046671588874E-02
118.552	8.34982377402995E-02
119.08	8.32054337647968E-02
119.612	8.34406827634457E-02
120.157	8.33166265716511E-02
120.777	8.34983557918926E-02
121.305	8.36384039697008E-02
121.834	8.41661169893865E-02
122.361	8.35408240805262E-02
122.895	8.35005226712071E-02
123.423	8.35590794777121E-02
123.955	8.34138817309079E-02
124.484	8.34195684520324E-02
125.016	8.36029183280562E-02
125.544	0.083539236919866
126.077	8.33798700087181E-02
126.605	8.32304042987323E-02
127.138	8.37717596451713E-02
127.665	8.35124745710021E-02
128.197	0.083652869073909
128.726	8.38217274784282E-02
129.258	0.08389655353503
129.787	8.38593816675527E-02
130.319	8.37861877919046E-02
130.845	8.38575925878528E-02
131.377	8.37574393168478E-02
131.903	8.39384301455485E-02
132.435	8.34911727765605E-02
132.961	8.32170195222445E-02
133.494	8.34279021285026E-02
134.022	8.39740375895235E-02
134.555	8.40120056052814E-02
135.082	8.34012801220804E-02
135.612	8.34483849713872E-02
136.14	8.34717465446001E-02
136.673	8.35398582720501E-02
137.201	8.41413616841537E-02
137.733	8.40564471003891E-02
138.26	8.34277165816798E-02
138.793	8.42537647305443E-02
139.321	8.36718161864888E-02
139.853	0.083325466275565
140.396	8.31933395628207E-02
141.004	0.083804958178281
141.531	8.38719036268988E-02
142.062	8.40476997402347E-02
142.592	8.39656088930278E-02
143.124	8.42828072348966E-02
143.652	8.38832140091818E-02
144.185	8.34266103559703E-02
144.713	8.43636327891926E-02
145.243	8.35293430962256E-02
145.769	8.39378323541989E-02
146.305	8.37509578274511E-02
146.833	8.34141005655769E-02
147.366	8.37359788575636E-02
147.894	8.32740645134177E-02
148.427	0.083995441335436
148.955	8.38442645715049E-02
149.488	8.39189111868724E-02
150.016	8.39821652934217E-02
150.549	8.35777812769852E-02
151.078	0.083385905101877
151.609	8.38335736052582E-02
152.134	8.38171616487368E-02
152.662	8.37423080776713E-02
153.19	0.083663865093568
153.722	0.08390693643907
154.25	8.39106822042599E-02
154.782	8.37690501170486E-02
155.31	8.38359086024926E-02
155.843	8.35017568498855E-02
156.372	8.34861175605285E-02
156.903	8.41462712567234E-02
157.429	8.39203775982836E-02
157.961	8.31996149543969E-02
158.49	8.33541369329671E-02
159.022	0.083721672235282
159.548	8.36266683856708E-02
160.097	8.34267822946663E-02
160.705	0.083594476605535
161.238	8.38322619440486E-02
161.766	8.39049792258383E-02
162.294	0.084031597123659
162.822	8.36331500930858E-02
163.35	8.32941283437778E-02
163.879	8.34338443192962E-02
164.41	8.34637231353874E-02
164.939	8.34870211725753E-02
165.47	8.30559654578111E-02
165.999	8.38245141136774E-02
166.531	8.38237071596863E-02
167.059	8.36853774598828E-02
167.591	8.33796509933063E-02
168.12	8.33335763397282E-02
168.652	8.33618657939005E-02
169.181	8.40124897529827E-02
169.713	8.36609830484814E-02
170.24	8.35389679396164E-02
170.773	8.35091305313411E-02
171.301	8.38833198510667E-02
171.834	8.35699260925612E-02
172.363	8.35138158326574E-02
172.896	8.39131216984986E-02
173.422	8.35447858642232E-02
174.027	8.37339474579942E-02
174.556	8.40768672764332E-02
175.087	8.35144537572684E-02
175.616	8.33834425516521E-02
176.148	0.084211633293875
176.677	0.083734448294632
177.208	8.38077872052064E-02
177.737	8.34493611491378E-02
178.266	8.36243576967868E-02
178.794	8.40458103844651E-02
179.324	8.36318942321104E-02
179.851	8.39167361783814E-02
180.398	8.34722753848206E-02
181.009	8.39657202557589E-02
181.535	8.39628404679716E-02
182.063	8.38764615696182E-02
182.598	8.42161036141256E-02
183.126	8.37844943984238E-02
183.658	8.36597301570148E-02
184.186	8.36650968091677E-02
184.718	8.40453241868846E-02
185.243	8.36570365394531E-02
185.776	8.42514417406749E-02
186.304	8.41222732378334E-02
186.836	8.36187989302549E-02
187.364	8.42919924720501E-02
187.897	8.38988335924391E-02
188.425	0.084280457563917
188.957	0.084088634003162
189.485	8.32805672328639E-02
190.108	8.33026314233772E-02
190.636	8.40746009209963E-02
191.168	8.45356441919676E-02
191.696	8.40829861245691E-02
192.229	8.39594821209726E-02
192.755	8.41588164563564E-02
193.288	8.35629088487629E-02
193.818	8.36621294576448E-02
194.351	8.43032707891191E-02
194.88	8.39543663016604E-02
195.412	8.39883007340573E-02
195.94	8.39046550687453E-02
196.471	0.083719157136871
197	8.41491103375654E-02
197.533	8.43953059860221E-02
198.06	8.40464084443569E-02
198.592	8.41589724436174E-02
199.121	8.44568386785524E-02
199.654	8.44787064704496E-02
200.203	8.47873323594289E-02
200.822	0.08431645789601
201.35	8.48106421361637E-02
201.883	8.43164168141573E-02
202.411	8.49096868874258E-02
202.938	8.40849098216831E-02
203.47	8.47555521847086E-02
203.997	8.46356983338524E-02
204.525	8.42177851804668E-02
205.058	8.43817027077011E-02
205.586	8.42607540113699E-02
206.119	8.41837961372815E-02
206.646	8.42041902163081E-02
207.178	8.36125284043428E-02
207.706	8.44177920913366E-02
208.237	8.38715576646605E-02
208.767	8.40996424018753E-02
209.298	8.40104916504431E-02
209.826	8.40428547074384E-02
210.359	8.43821031153476E-02
210.888	8.43715926486916E-02
211.417	8.42175277018928E-02
211.943	8.44657606761483E-02
212.476	8.40246596417365E-02
213.003	0.084385570098224
213.536	0.084593081751893
214.063	8.48346879234489E-02
214.596	0.084727513532384
215.124	0.08436658200614
215.657	8.41429327820518E-02
216.19	8.41779650417548E-02
216.715	8.38793758205755E-02
217.239	0.084398910979444
217.768	8.45046719582654E-02
218.296	8.45072562611531E-02
218.823	8.43170443953991E-02
219.35	8.45647276171002E-02
219.881	8.45362125468987E-02
220.478	8.40084061224421E-02
221.092	8.42029532560319E-02
221.62	8.41586675577819E-02
222.153	8.42612025883738E-02
222.761	8.43483083713812E-02
223.292	8.36853527828069E-02
223.821	8.40526759495505E-02
224.352	8.43461157563771E-02
224.88	8.46678900937905E-02
225.412	8.42751513072947E-02
225.941	8.45925185646633E-02
226.473	8.45307622148864E-02
227.001	8.45495837799454E-02
227.533	8.46309342618651E-02
228.062	8.41201004317205E-02
228.593	8.43347954624718E-02
229.123	8.42915071017713E-02
229.653	8.45498480761745E-02
230.181	8.44158981681474E-02
230.713	8.39547154148379E-02
231.241	8.46601993558822E-02
231.773	8.38920878250357E-02
232.302	8.45393924446279E-02
232.833	8.27734852986161E-02
233.358	8.24872201441488E-02
233.889	9.07488643750614E-02
234.415	-6.49281799624036E-03
234.947	-2.75282582078485E-02
235.476	-2.83143097961984E-02
236.008	-2.80980880762529E-02
236.537	-2.82576889438226E-02
237.069	-2.81857234917175E-02
237.597	-2.78843360085139E-02
238.127	-2.85702325001788E-02
238.655	-2.83947230745053E-02
239.186	-2.78353836075559E-02
239.715	-2.79624621358781E-02
240.254	-2.76932958400752E-02
240.867	-2.82866551529485E-02
241.4	-2.81523598761991E-02
241.928	-2.82367891505788E-02
242.459	-2.82554308830715E-02
242.983	-2.80356075230649E-02
243.51	-2.83177484917684E-02
244.037	-2.79699071395936E-02
244.565	-2.80994632184879E-02
245.093	-2.81377375740616E-02
245.625	-2.81492022145103E-02
246.154	-2.80597303751436E-02
246.686	-2.80644172822633E-02
247.214	-2.83995975307091E-02
247.745	-2.82511141921392E-02
248.274	-2.82351087612104E-02
248.806	-2.79502354374598E-02
249.335	-0.027965361530165
249.868	-0.027511869836996
250.394	-0.028167963326749
250.925	-2.79035994648382E-02
251.454	-2.77912012994985E-02
251.985	-2.83329839708035E-02
252.515	-2.83367347799166E-02
253.046	-2.83244460699387E-02
253.575	-2.85373219079176E-02
254.106	-2.81303309337671E-02
254.635	-2.81984245230617E-02
255.167	-2.81009371444264E-02
255.696	-2.80414599295329E-02
256.228	-2.87717631207535E-02
256.754	-2.80032656312485E-02
257.286	-0.028158201170619
257.812	-2.83944406851369E-02
258.343	-2.83269785734078E-02
258.87	-2.81064607905255E-02
259.404	-2.83081877573425E-02
259.932	-2.79196376872252E-02
260.575	-2.81045188291322E-02
261.192	-2.82631459781914E-02
261.724	-2.81997689924847E-02
262.252	-2.79335453761838E-02
262.785	-2.78768107579109E-02
263.313	0.188916933390456
263.845	0.451780280592607
264.375	0.10424082649837
264.908	0.104362138625193
265.435	0.111826971106634
265.963	0.107854048501242
266.49	0.103128284932981
267.022	0.102851896491219
267.551	0.10432101107701
268.082	0.112498267100799
268.611	0.112505466775778
269.143	0.112901421153284
269.672	0.113534362959953
270.202	0.11366073624918
270.729	0.113656903680537
271.262	0.113785241093462
271.791	0.113480243289104
272.323	0.114249480483447
272.849	0.113895903524506
273.381	0.114376062761468
273.909	0.115077626298286
274.441	0.114986359225474
274.97	0.115282559866874
275.501	0.115069257929181
276.03	0.115397524488349
276.561	0.115796743419296
277.089	0.116007315754242
277.622	0.115795569299105
278.148	0.115861701560736
278.68	0.116368708989933
279.208	0.116568188130323
279.74	0.117008452814306
280.288	0.116957703995226
280.91	0.117422491424662
281.44	0.118781018276312
281.972	0.118304862097208
282.501	0.118483469307689
283.033	0.118823159927727
283.561	0.11894264497447
284.088	0.119662884881869
284.617	0.119276863159898
285.149	0.11977935694502
285.677	0.120191051957623
286.208	0.120846527101153
286.736	0.120915984376345
287.263	0.120798015018965
287.791	0.121130223554025
288.324	0.121429399925114
288.851	0.121704694734596
289.384	0.121617059696463
289.912	0.121727729953842
290.444	0.123136010196675
290.972	0.122550758609524
291.504	0.122831147374796
292.032	0.123531564938647
292.563	0.123412293402575
293.091	0.122805548063551
293.619	0.123228679325421
294.148	0.123412302690575
294.68	0.123452059557936
295.209	0.123558113041718
295.741	0.123749056057051
296.269	0.124066455437377
296.8	0.123790606471615
297.329	0.124397340274387
297.858	0.124481138444828
298.385	0.124944477013414
298.917	0.124964600124214
299.442	0.124856063949262
299.974	0.125446231169645
300.517	0.12575326266921
301.135	0.125599443144561
301.664	0.125759276381265
302.197	0.125898090634513
302.726	0.12672921831785
303.258	0.126674943132655
303.787	0.126901386054872
304.319	0.127036791198646
304.847	0.126800111702811
305.378	0.12700127267764
305.907	0.1267923041968
306.439	0.127915949468089
306.968	0.1275575791523
307.504	0.127356411824704
308.032	0.127933387056009
308.559	0.1276269196155
309.087	0.12777926139538
309.617	0.128056559996939
310.145	0.128347719319579
310.677	0.128493859124488
311.206	0.129036358766751
311.737	0.129017285040916
312.265	0.128862229980317
312.797	0.129697748022609
313.324	0.129219186827184
313.852	0.129852501459082
314.379	0.129998497550448
314.912	0.129656241268203
315.44	0.130288713593567
315.971	0.130914246526435
316.5	0.130938982689105
317.032	0.13055706836722
317.56	0.130235722911147
318.092	0.130920206771627
318.62	0.131367618839197
319.147	0.131620408151508
319.67	0.131815009193759
320.211	0.132311440366813
320.816	0.131638302064189
321.341	0.132185726058323
321.866	0.132805133367956
322.392	0.132721005182303
322.917	0.132290190254476
323.447	0.132673494207706
323.974	0.133224874972985
324.504	0.133166818393044
325.033	0.133735247758903
325.564	0.133907311092049
326.093	0.133988828995975
326.625	0.134417419202709
327.154	0.134306014958304
327.686	0.134791840958983
328.213	0.13414450871107
328.744	0.13481230584078
329.272	0.135209439226632
329.805	0.135433104119782
330.333	0.134985560306028
330.865	0.135711022211521
331.394	0.136064173512349
331.921	0.1357118546092
332.448	0.135568961892384
332.977	0.136409099493333
333.505	0.136236565101481
334.039	0.136795865930679
334.567	0.136375772519061
335.1	0.136728788566342
335.628	0.136968616786671
336.157	0.137543156926315
336.685	0.137261753125121
337.216	0.137078763101818
337.745	0.137377346039175
338.277	0.137799726220534
338.805	0.137816772564064
339.336	0.138421862652404
339.864	0.138541668707187
340.412	0.138136117019865
341.021	0.139119751481341
341.554	0.138610515094568
342.083	0.138798803574123
342.614	0.139287867212217
343.144	0.139164000662318
343.675	0.139477829239287
344.203	0.139600524582763
344.735	0.13976842282548
345.261	0.140056422147226
345.791	0.140441538177414
346.32	0.140324153466933
346.851	0.140520558360793
347.38	0.140303223341892
347.908	0.140482680692967
348.436	0.140858019817695
348.969	0.141335481777648
349.498	0.141476025836499
350.029	0.141098039291969
350.557	0.141067261642346
351.09	0.141756078019426
351.618	0.141777841678291
352.15	0.141931827077402
352.677	0.141969070445577
353.209	0.142204629165645
353.738	0.142174914819311
354.27	0.142659816090716
354.797	0.142826086181917
355.329	0.14303069014264
355.857	0.143266686098944
356.389	0.143213527946111
356.917	0.143033136212477
357.444	0.143872435957443
357.97	0.143826230894431
358.502	0.144281332048208
359.032	0.144107587740757
359.564	0.14369937750519
360.102	0.143777465003173
360.718	0.144456691784825
361.247	0.144028341191906
361.773	0.144733564893463
362.296	0.144997298236202
362.826	0.144982301460048
363.353	0.145161697665289
363.885	0.14537424011539
364.413	0.14570538030986
364.939	0.145817583695583
365.466	0.145846656114416
365.997	0.145795732700933
366.521	0.146173115429333
367.053	0.146552137205957
367.58	0.146646873269238
368.111	0.146973711479617
368.636	0.1472942248437
369.164	0.147251211095541
369.69	0.147218202815267
370.221	0.147302088456723
370.751	0.148234890278777
371.282	0.148491017074121
371.81	0.147908346801918
372.343	0.148628151940986
372.871	0.148618049937304
373.402	0.148305692928888
373.932	0.149078730630642
374.464	0.148764813476407
374.993	0.149101904611996
375.521	0.14969013107092
376.049	0.149302117365631
376.581	0.150286798245552
377.109	0.15027653146694
377.641	0.150165098789232
378.169	0.150429050822929
378.701	0.150470031967843
379.31	0.150899765081506
379.842	0.1508499623114
380.397	0.151382484736502
381.019	0.151155308909021
381.547	0.151444756918914
382.075	0.151762482110312
382.602	0.151711426972072
383.135	0.151773811420829
383.663	0.152562804440196
384.195	0.15221032878317
384.724	0.152698510315641
385.34	0.152761960177281
385.874	0.152996188533071
386.407	0.153154641318305
386.934	0.152999293819727
387.467	0.153064708182031
387.994	0.153112925434758
388.523	0.153797977628772
389.052	0.153413422278633
389.583	0.153581816097973
390.111	0.154040845084943
390.643	0.154357250486033
391.172	0.154296365877114
391.704	0.154619560959564
392.233	0.154441074909516
392.765	0.154909470620149
393.291	0.154960203728531
393.823	0.155501536662582
394.351	0.155019832488508
394.884	0.155033636271591
395.411	0.155954253199264
395.942	0.155730971830295
396.471	0.156031793212998
397.003	0.155621916351091
397.531	0.155951507591758
398.063	0.156281553510044
398.591	0.156433498643742
399.128	0.156938269620576
399.659	0.156392916953417
400.186	0.156748255163582
400.711	0.157538928808806
401.243	0.157271078532323
401.771	0.157344342377441
402.302	0.157586895205121
402.83	0.158037329867107
403.362	0.15808525716871
403.889	0.158061017398795
404.42	0.157822252851372
404.949	0.158320526303072
405.481	0.158475983935871
406.009	0.158579442399607
406.541	0.158448652166972
407.066	0.159184941477821
407.597	0.158938018763571
408.123	0.159188417154337
408.655	0.159592670983106
409.182	0.159786272906215
409.714	0.159914822129402
410.242	0.159926125898873
410.776	0.160253288899451
411.304	0.16059267119499
411.842	0.160297032812846
412.369	0.160689332920031
412.9	0.160524491373459
413.515	0.161321794178546
414.042	0.16101703670575
414.569	0.161377169250224
415.101	0.161344760620685
415.629	0.162187799243368
416.161	0.161896715762323
416.689	0.16217124616156
417.22	0.161889885992474
417.749	0.162408298692536
418.282	0.162939478345935
418.81	0.162936279056614
419.342	0.163026672553755
419.87	0.163273818801331
420.403	0.163724552269855
420.931	0.16373926499761
421.463	0.163988363138335
421.991	0.163897744371908
422.519	0.164351955658841
423.047	0.163979359250144
423.579	0.165085241956074
424.108	0.164582704299681
424.639	0.165101344691821
425.167	0.165420612020701
425.699	0.165245090694896
426.32	0.165386448422864
426.849	0.165427518758651
427.376	0.165656301672853
427.908	0.166018740799564
428.436	0.165975201918276
428.968	0.166027535136713
429.496	0.166634320999221
430.028	0.166380355144047
430.637	0.166567714081319
431.168	0.166986294898561
431.694	0.167089239791047
432.221	0.167076458205174
432.748	0.16679470286418
433.281	0.168227594361152
433.809	0.167926105415444
434.339	0.167479158646018
434.868	0.168024875288996
435.397	0.16875822580924
435.925	0.167788113791921
436.457	0.168404284331133
436.984	0.168353785174439
437.516	0.168794912156171
438.045	0.169567222664042
438.577	0.169043691501874
439.106	0.169761844646315
439.64	0.17001115202441
440.168	0.16974942880259
440.696	0.170076906300495
441.224	0.169736647915747
441.756	0.17012481033398
442.284	0.169936497372611
442.812	0.170729472556132
443.339	0.171162557068297
443.874	0.170489944663332
444.403	0.171365078524706
444.935	0.170869501718715
445.464	0.171749332682516
445.994	0.171556036178729
446.521	0.172036376055943
447.054	0.171533025672057
447.582	0.171901483634664
448.113	0.172767150979844
448.639	0.172825656638983
449.171	0.172920672842114
449.699	0.172717777077456
450.231	0.173506699274172
450.839	0.173247509875497
451.37	0.173378947075597
451.899	0.173367006855923
452.433	0.173845066461647
452.958	0.174135040500764
453.486	0.174253200819948
454.014	0.174274915150623
454.54	0.173912201522995
455.066	0.174491101069452
455.598	0.174673664677521
456.125	0.174792997720529
456.657	0.175345923042023
457.186	0.174802353365289
457.717	0.175656275826238
458.243	0.175640292998298
458.772	0.176056979445631
459.3	0.176041410247879
459.83	0.176547175680764
460.355	0.175986104052383
460.886	0.17666001491493
461.415	0.176823750406599
461.946	0.176694028220928
462.471	0.177186099050182
463.003	0.177236120688252
463.531	0.17716229660833
464.062	0.177392794126095
464.589	0.177783553437073
465.12	0.178258385074146
465.649	0.177717519832883
466.176	0.177972382050445
466.704	0.178686589462543
467.231	0.178328004336762
467.759	0.178695473590892
468.291	0.178852629826523
468.819	0.179400840526123
469.353	0.179246883285791
469.881	0.179164038140527
470.502	0.179270430611543
471.031	0.180008151622352
471.56	0.180124185042038
472.085	0.18016003484152
472.618	0.179860008190477
473.145	0.179775521550368
473.677	0.180594345610744
474.205	0.180568681604267
474.737	0.18075690467605
475.264	0.181239271151756
475.797	0.180892046736396
476.323	0.181702324539438
476.855	0.181844902336391
477.384	0.181613801441205
477.915	0.182374905948642
478.444	0.181931345938682
478.97	0.182649993123054
479.499	0.182755953351459
480.031	0.182315087447787
480.559	0.182838369779012
481.09	0.18300995569935
481.616	0.183092345477388
482.143	0.182867426995341
482.67	0.183464488430714
483.202	0.183357706123163
483.73	0.183845666759647
484.26	0.183949313923464
484.788	0.184049451982188
485.319	0.184139727755398
485.848	0.184922128903931
486.379	0.184434672652647
486.997	0.184156754008802
487.529	0.184367548695986
488.057	0.185400292398029
488.589	0.185615413176523
489.113	0.18603379912871
489.645	0.186240565743136
490.174	0.18571653964873
490.706	0.185999138188321
491.235	0.186375943402618
491.767	0.186053849351753
492.295	0.186800440956542
492.827	0.186999528951143
493.441	0.186894248494776
493.972	0.187121575291256
494.5	0.18729405927271
495.029	0.187070216144491
495.557	0.187495987236995
496.089	0.187700697744677
496.617	0.188213014143095
497.15	0.187894944508052
497.678	0.188269539541397
498.211	0.188769547060462
498.739	0.188294786330858
499.271	0.189257728829734
499.795	0.189127177096428
500.321	0.188548200659994
500.843	0.188820864709927
501.369	0.189462920782764
501.892	0.189744560098119
502.419	0.189924349595429
502.945	0.190246355571197
503.475	0.190283897471569
504.001	0.190410899284295
504.531	0.190698976205542
505.059	0.190673624545117
505.59	0.19135801259843
506.118	0.190513088565371
506.646	0.190816569991442
507.173	0.191465899192351
507.706	0.191426679397203
508.233	0.191729788096372
508.766	0.192266467515785
509.294	0.19165651696344
509.825	0.19214938895303
510.353	0.192539077222765
510.885	0.19292196301781
511.413	0.193061440999788
511.944	0.193375224560825
512.47	0.193091592914187
513.002	0.193435555783989
513.528	0.194114810182681
514.059	0.193543350669886
514.588	0.193557627104774
515.119	0.194450252619732
515.647	0.194515306598323
516.179	0.194610116073849
516.708	0.194284063801672
517.243	0.19461353205516
517.769	0.194928297080683
518.3	0.195208636140927
518.829	0.195480700114754
519.361	0.195889314698894
519.889	0.195526104252612
520.42	0.195885537690477
520.948	0.19614951339208
521.477	0.196150998038484
522.006	0.196199126935672
522.538	0.196695158959152
523.066	0.196860894279461
523.597	0.197046262172889
524.125	0.196643235550095
524.656	0.19712619331673
525.273	0.197518090206181
525.8	0.197239570710398
526.328	0.197887944581398
526.858	0.198144839711072
527.385	0.198408498642203
527.916	0.198499836314868
528.445	0.198483352211072
528.973	0.19841387886719
529.5	0.198863880399883
530.031	0.198455367969696
530.56	0.199128181491961
531.092	0.19939242649812
531.62	0.199648784814189
532.151	0.199783068852758
532.679	0.19950817360811
533.21	0.200190759720807
533.738	0.200225553659639
534.267	0.200064514266902
534.795	0.201183908084188
535.327	0.200774456718135
535.855	0.201319164730907
536.384	0.201042181171376
536.913	0.201161284349109
537.443	0.201025760002614
537.971	0.202001716580797
538.504	0.201594436149785
539.031	0.201764525648224
539.562	0.201877204031099
540.09	0.202024631145104
540.622	0.202076776490351
541.151	0.202497456745146
541.682	0.202793838892128
542.21	0.202976174794504
542.742	0.202891791947806
543.27	0.203122844084441
543.802	0.203875943190814
544.331	0.203044225387036
544.863	0.20341422349483
545.39	0.203693083064145
545.922	0.203558154690056
546.45	0.203995690443814
546.982	0.204742387898228
547.509	0.204621135284868
548.042	0.205328328416438
548.57	0.205253951950788
549.099	0.205094361364635
549.627	0.205388095990029
550.155	0.205619028775551
550.682	0.206493426753147
551.22	0.206150607950427
551.749	0.206345756990836
552.278	0.206104171390043
552.806	0.206559030872296
553.338	0.207053068583916
553.867	0.20654977664843
554.398	0.207473483053744
554.927	0.206845933038306
555.453	0.207361871976536
555.976	0.207493315358605
556.501	0.207436420904132
557.028	0.208383703371649
557.56	0.207997489852165
558.087	0.20822254764431
558.618	0.208421476153491
559.146	0.208978230135861
559.677	0.208931380132602
560.206	0.209191995666555
560.738	0.208612140696656
561.267	0.209187274958071
561.794	0.209249836693899
562.321	0.209084342072314
562.853	0.209735221459635
563.379	0.209292222343107
563.91	0.210192462367965
564.439	0.209990466833604
564.97	0.210342859178199
565.589	0.210538906608672
566.121	0.210797501213383
566.646	0.210784822020617
567.176	0.210324330097763
567.703	0.21114831953429
568.234	0.211081059630917
568.763	0.211895815129491
569.295	0.211362890813611
569.822	0.212097251846199
570.354	0.211701676764101
570.885	0.211487922750131
571.418	0.211836789504432
571.945	0.212023824112362
572.476	0.212663375371582
573.005	0.21314573111825
573.532	0.213078247169002
574.06	0.213257708267253
574.591	0.213223064792615
575.12	0.21279159686577
575.652	0.213759722667253
576.18	0.214159825162841
576.711	0.213911164858211
577.239	0.214272349814496
577.771	0.214391370773806
578.3	0.214670770208654
578.831	0.21450723867944
579.358	0.215014708485258
579.89	0.215558115138711
580.418	0.215331217236471
580.95	0.215580504901324
581.477	0.215548687974944
582.005	0.216018165606468
582.53	0.215414358550611
583.061	0.21591546668025
583.59	0.215862540899757
584.122	0.216643981911926
584.65	0.21690192775033
585.182	0.216805641712779
585.711	0.216696306649859
586.242	0.216997531143288
586.771	0.216963331622703
587.303	0.217784184465233
587.831	0.217784334429853
588.362	0.21806107524081
588.891	0.217866986392563
589.422	0.218348001764462
589.95	0.21875933105646
590.482	0.218695582168959
591.012	0.217999645165872
591.544	0.218470350113229
592.073	0.219097388593365
592.604	0.218929787373828
593.133	0.219225664957413
593.662	0.219450371475919
594.189	0.219580480526972
594.718	0.219384775958139
595.245	0.220285814077345
595.777	0.220464483934717
596.306	0.221138928941515
596.838	0.22103900804136
597.366	0.220644990201577
597.893	0.220647656368246
598.422	0.221314337558941
598.953	0.221032131949809
599.481	0.221461537083578
600.013	0.221326624159041
600.542	0.222175230130298
601.074	0.222250071214092
601.599	0.22242588432497
602.13	0.22212927651786
602.658	0.222577667245206
603.189	0.223088703108185
603.718	0.222812889717329
604.249	0.223995844951314
604.778	0.223569259822548
605.305	0.223368614566434
605.833	0.224208025182438
606.365	0.223987843683991
606.892	0.223860850602161
607.425	0.224148234905995
607.952	0.224602447499228
608.479	0.224389889538675
609.006	0.224409930707405
609.538	0.22487227071112
610.066	0.225040994579392
610.597	0.224911785293686
611.123	0.225224876587525
611.654	0.225180453091457
612.182	0.225350352241576
612.714	0.22557175076117
613.243	0.225601415912311
613.774	0.226038455267466
614.302	0.225922725226389
614.834	0.225766621620468
615.361	0.226178359534048
615.893	0.226817326635743
616.423	0.22646485589467
616.955	0.227130211293868
617.483	0.227450204910443
618.014	0.227851834591681
618.542	0.227795767164574
619.074	0.227831842948567
619.603	0.227413837959829
620.134	0.227911318679504
620.662	0.228043465841319
621.195	0.228498161091348
621.813	0.228754147062453
622.342	0.22861056688362
622.869	0.228918673202441
623.402	0.229242590141489
623.93	0.229158982436986
624.462	0.229299096083606
624.99	0.229288332017507
625.523	0.229606040392011
626.052	0.229657206651772
626.582	0.229707997799577
627.111	0.230025783328784
627.642	0.230154842566974
628.17	0.230119263890444
628.792	0.230298482843821
629.321	0.230537589136895
629.852	0.230970582824727
630.38	0.231239789938581
630.913	0.230830572288335
631.438	0.231141492831651
631.964	0.231601724633136
632.486	0.232117580811302
633.011	0.231932902907399
633.535	0.232307267603883
634.063	0.232539603370316
634.591	0.232084743407966
635.121	0.232293921581009
635.647	0.232289457618948
636.172	0.232693475150255
636.696	0.232907408540243
637.226	0.232809477322245
637.753	0.233302884770843
638.284	0.2331241990512
638.814	0.233505909840083
639.345	0.233727102892581
639.875	0.234924738501713
640.406	0.234471211393106
640.934	0.234781365701626
641.467	0.23431315579876
641.995	0.234439390761683
642.528	0.23424863672407
643.054	0.234834638554844
643.586	0.234904816599892
644.115	0.23564623823868
644.643	0.23546548688886
645.17	0.236179501424389
645.701	0.235932501404088
646.227	0.236226898725641
646.758	0.236301708767961
647.287	0.236920397289852
647.819	0.236744899584855
648.347	0.237022670764188
648.879	0.23684802466742
649.406	0.237122961490585
649.938	0.237111593116363
650.467	0.237926345028269
650.998	0.23787484290898
651.527	0.23751425335197
652.059	0.237951618688492
652.587	0.238593013621596
653.118	0.238657081110334
653.647	0.238883768980407
654.179	0.238513301875818
654.708	0.238481754424214
655.24	0.238851367053036
655.764	0.238988365846897
656.296	0.239070957667224
656.824	0.239321072687361
657.353	0.239491361144414
657.882	0.240045989989008
658.414	0.239623885422251
658.94	0.23955757038199
659.471	0.240109590619638
659.999	0.240478119145805
660.532	0.240499610428014
661.061	0.240961092745169
661.587	0.240677351235107
662.115	0.240949278712468
662.647	0.241025256746811
663.173	0.241145329317897
663.704	0.241794050589176
664.232	0.241480254398318
664.764	0.242004761069271
665.29	0.241759014388318
665.822	0.242069461190885
666.35	0.242542804621245
666.881	0.242912568724125
667.409	0.242758129144815
667.94	0.242971491001191
668.468	0.243181448106351
669.002	0.243369778559122
669.531	0.243752533616786
670.062	0.243446143218722
670.59	0.243791737106435
671.123	0.244129174055272
671.65	0.243990721023916
672.182	0.244197312229206
672.709	0.24420414096686
673.237	0.244300844494922
673.764	0.244958336482782
674.296	0.245344723170753
674.825	0.245379636300037
675.357	0.245280369086593
675.886	0.246034728384052
676.418	0.245485422958114
676.946	0.245509403106658
677.477	0.245516220029631
678.005	0.246381886419992
678.538	0.246545963844763
679.064	0.246373021927844
679.595	0.246933557502845
680.12	0.246836063045792
680.651	0.247070400975014
681.179	0.24731464834056
681.709	0.247146351358949
682.237	0.247616727942228
682.769	0.247869198559529
683.297	0.248177770818292
683.83	0.248699517733475
684.358	0.248267638578106
684.889	0.248007764003995
685.417	0.24831616705616
685.948	0.248357997639007
686.478	0.248233601947565
687.005	0.248925540025481
687.531	0.249553357351808
688.064	0.249779482375684
688.591	0.250002948749105
689.123	0.250573471845031
689.648	0.250285682083705
690.173	0.250564549001637
690.7	0.249995311838226
691.231	0.250461459972354
691.76	0.249883492124804
692.292	0.250667985660223
692.817	0.250856506048903
693.343	0.250907654834657
693.87	0.251014137777749
694.402	0.251037105647639
694.93	0.2515538581187
695.463	0.251992155277322
695.992	0.251270778178789
696.522	0.251273644144171
697.051	0.252282845561503
697.583	0.249940655569236
698.111	0.250750938344247
698.642	0.250692344152299
699.17	0.251089934562485
699.702	0.250828631805557
700.23	0.251172976455101
700.761	0.25144092782667
701.289	0.251612191040119
701.821	0.251828960331756
702.349	0.251546647286991
702.882	0.251894724422495
703.41	0.252010396751712
703.941	0.25231967720506
704.469	0.252240680514864
705.002	0.252928523965563
705.527	0.251973895374058
706.059	0.253015377457609
706.585	0.253127161593962
707.116	0.252958122703022
707.644	0.25346886896623
708.176	0.253522635904252
708.704	0.253369973830125
709.237	0.253793883698004
709.765	0.254509336730806
710.296	0.25472585169271
710.824	0.254177662331548
711.353	0.25439386591893
711.88	0.254038390869797
712.411	0.254716893291643
712.941	0.25517670400544
713.472	0.254949480050827
714.001	0.255627925039501
714.532	0.255342118644208
715.059	0.255579823068396
715.59	0.255680517813824
716.119	0.25649060867167
716.651	0.255332207589341
717.179	0.256626010515001
717.711	0.256530178940578
718.238	0.256672705981417
718.768	0.256758338407803
719.297	0.257257327572309
719.829	0.257431146435423
720.358	0.257771011516023
720.888	0.257808049412753
721.416	0.257694702180965
721.947	0.257615445449765
722.475	0.257363209684996
723.007	0.257409729575827
723.536	0.258467792873191
724.067	0.258712920887565
724.595	0.259087318468548
725.126	0.258959914184664
725.654	0.259557888132959
726.185	0.259325022094707
726.713	0.259978604728747
727.245	0.259717532471881
727.774	0.260662425646682
728.307	0.260244361265666
728.835	0.260580341355531
729.367	0.26118849747055
729.895	0.259988964547149
730.428	0.260115198597946
730.956	0.259766253054355
731.487	0.260578560954559
732.017	0.260601452039234
732.548	0.260969105410032
733.077	0.261820642926371
733.608	0.261088588771427
734.138	0.26157896488124
734.669	0.261786301146735
735.198	0.261807318048014
735.729	0.262124879780613
736.256	0.262066957507225
736.787	0.262700091314778
737.316	0.262471440706497
737.848	0.263176681108548
738.376	0.262886704182098
738.905	0.263196421942267
739.432	0.263313181322549
739.96	0.263303181541686
740.487	0.263915638809345
741.019	0.264297992536582
741.548	0.263740333415025
742.079	0.26398949020097
742.607	0.26444222507452
743.14	0.264374588137148
743.668	0.264256697592087
744.2	0.26470232167372
744.728	0.26522137387847
745.257	0.265198374032658
745.783	0.265383751250804
746.315	0.265853016222322
746.841	0.265918046213617
747.373	0.266002510099705
747.903	0.266155868516006
748.434	0.265582113255137
748.963	0.266224774878747
749.495	0.266853486843096
750.023	0.266949029874731
750.554	0.266924863266536
751.083	0.266863401849133
751.615	0.267901584292913
752.143	0.267603725787549
752.674	0.267193631098957
753.201	0.267593242724781
753.732	0.267560241090155
754.259	0.267496707572209
754.788	0.268149308195027
755.316	0.267977220351166
755.847	0.268916770887101
756.376	0.268526196829567
756.908	0.269171392043697
757.435	0.269501775137707
757.967	0.269233005133322
758.496	0.269016717921201
759.028	0.269080909523065
759.556	0.269248954723261
760.088	0.269730078291975
760.616	0.269853405892909
761.149	0.27036737995613
761.676	0.270961318286678
762.208	0.270647826608487
762.735	0.270593061517474
763.267	0.270920524983344
763.795	0.271209182226608
764.327	0.27128800605741
764.854	0.271222116774146
765.383	0.271726022575966
765.907	0.272012846389014
766.439	0.271402137657333
766.968	0.271394747213736
767.498	0.272485061162275
768.027	0.272274182991244
768.557	0.272548333971007
769.084	0.272834720876385
769.613	0.272473299532188
770.141	0.273394914505544
770.673	0.273180894081942
771.2	0.273551835886152
771.731	0.273229130860582
772.259	0.273651343414503
772.792	0.273237387598134
773.32	0.273435475667964
773.852	0.274041595590304
774.38	0.274058077190049
774.912	0.274392607804368
775.439	0.274649558872712
775.971	0.274170542582525
776.499	0.274695076020544
777.028	0.274587568040719
777.555	0.275161754754762
778.086	0.275682690002187
778.615	0.275574102476842
779.146	0.275769100450169
779.674	0.276146267778522
780.298	0.276010526717589
780.823	0.276221107378198
781.356	0.276045348971512
781.882	0.276303291197105
782.411	0.27600568699658
782.937	0.276766366901551
783.469	0.277325993878714
783.997	0.277060428194997
784.529	0.2771677027192
785.058	0.277064491984226
785.59	0.277673317157759
786.119	0.277850387049432
786.647	0.277685668508799
787.174	0.277997138831948
787.705	0.277810907196547
788.234	0.278544137926692
788.766	0.278401757092288
789.294	0.278744463620257
789.826	0.278847342977114
790.354	0.279200876795976
790.885	0.279878539459832
791.412	0.279807670838687
791.944	0.280123622087207
792.473	0.279954103886565
793	0.280383255381366
793.529	0.279786683033123
794.062	0.280611535481841
794.59	0.280181669965945
795.121	0.280356257263067
795.65	0.280236269412494
796.18	0.281091275721269
796.71	0.281701023625652
797.238	0.281603061470102
797.765	0.281896147818523
798.298	0.281559627609056
798.825	0.281961460867525
799.356	0.281670425250724
799.885	0.281704894436659
800.417	0.282042175487527
800.946	0.282201265545487
801.478	0.282748683058458
802.006	0.282869498070845
802.539	0.282652330230807
803.067	0.283032829173265
803.597	0.283486266715442
804.124	0.28346135996102
804.656	0.283975536358457
805.182	0.283373733617578
805.714	0.2833519412171
806.243	0.283634766889102
806.774	0.283926797474521
807.303	0.284371372574527
807.834	0.284258701841171
808.362	0.28448413314061
808.894	0.284001265130953
809.422	0.284517600745308
809.954	0.285385156987519
810.483	0.285863292272761
811.015	0.285815939814428
811.543	0.28526723262267
812.075	0.286063956032625
812.602	0.286099908479856
813.133	0.285933158995513
813.661	0.286349447469201
814.193	0.286840066217447
814.722	0.286480377482327
815.254	0.287225296766167
815.783	0.286525566712147
816.31	0.287216638455982
816.838	0.287533785880777
817.37	0.287574091740041
817.898	0.287569456501879
818.43	0.287853899743236
818.959	0.288432690785953
819.49	0.288417716424119
820.017	0.287688821074243
820.55	0.288538250486424
821.078	0.288714001715438
821.609	0.289818017967477
822.138	0.28936505127413
822.67	0.289699788172649
823.197	0.289929406879549
823.729	0.28978573082009
824.258	0.289876840229904
824.785	0.289737720927362
825.313	0.290253281827339
825.845	0.289880574758085
826.373	0.290077600507112
826.901	0.290235311633307
827.427	0.290794834151929
827.96	0.291452159652842
828.488	0.291580279882181
829.022	0.291670401797257
829.547	0.291349394013096
830.079	0.291867681932008
830.607	0.291992751505445
831.139	0.292063233340766
831.668	0.291292056227936
832.2	0.291875124734517
832.727	0.293197105016136
833.26	0.293139204003951
833.788	0.292673135310673
834.319	0.292379950044134
834.846	0.293574754638381
835.377	0.293380706895932
835.906	0.29282368444868
836.529	0.293515604544635
837.057	0.293169817138776
837.588	0.294033502870238
838.117	0.293917286395575
838.649	0.294241471094177
839.177	0.294354342336925
839.704	0.294619301984438
840.231	0.294648202978807
840.759	0.294715489271952
841.286	0.295539606986208
841.818	0.295337982504983
842.347	0.295384351039877
842.879	0.295813651280939
843.406	0.296244471766702
843.938	0.295633861842783
844.559	0.29635925824438
845.091	0.296378403439567
845.62	0.295689106373344
846.153	0.296982012076528
846.68	0.296645050219501
847.208	0.296970494692772
847.734	0.296717837554375
848.263	0.297015149431412
848.79	0.297891247421395
849.322	0.297377078478496
849.85	0.297175915441799
850.382	0.297807556400894
850.91	0.298106832324475
851.442	0.29833407805344
851.968	0.298302404348366
852.499	0.298161188000225
853.118	0.298381590746659
853.651	0.298850617360741
854.178	0.299183840020921
854.711	0.298944579860693
855.238	0.299353755579266
855.77	0.298776365614393
856.298	0.299608669205069
856.829	0.299692721226538
857.359	0.299861108937068
857.889	0.300200224114178
858.418	0.300575196692545
858.949	0.299602927684578
859.478	0.300395956987192
860.009	0.300512234840577
860.535	0.300802417892446
861.066	0.300615389545746
861.595	0.300700867092899
862.126	0.301009192156153
862.655	0.301213564861651
863.186	0.301269175159073
863.714	0.301506677951537
864.246	0.301620645907124
864.776	0.30157487228116
865.307	0.301956273513274
865.836	0.302677653008655
866.367	0.302313445158158
866.896	0.302548932043484
867.422	0.30285598572574
867.95	0.303114222388487
868.482	0.303029873357576
869.01	0.303074806175785
869.542	0.303370893860743
870.07	0.303215644221323
870.602	0.303357298216696
871.13	0.303481112041208
871.662	0.304419345929768
872.191	0.303800284498327
872.722	0.304940176494837
873.25	0.304140417802954
873.781	0.304475926752502
874.308	0.305292988575592
874.839	0.305078853118771
875.367	0.305460211123395
875.898	0.305436153395672
876.427	0.305748644594214
876.959	0.305365051195817
877.488	0.306295844496428
878.019	0.306144234070846
878.547	0.306175439314126
879.079	0.306875184462336
879.607	0.30637320462942
880.139	0.307107210501099
880.667	0.306392613279048
881.2	0.306970048057772
881.728	0.307207402480571
882.26	0.307531246122885
882.789	0.307925268303321
883.318	0.307388113782514
883.846	0.307938777126912
884.375	0.307975654479947
884.903	0.307681098721003
885.435	0.308409638434146
885.961	0.308433758730823
886.494	0.309052344674564
887.023	0.308650784859686
887.554	0.308808927421518
888.083	0.309373180393932
888.614	0.309265896931487
889.141	0.308914354570898
889.674	0.309329277309565
890.201	0.30970963545202
890.732	0.30967647490737
891.261	0.309635110565191
891.793	0.310105894836232
892.321	0.310082017433079
892.852	0.310504844627205
893.381	0.310669753468459
893.913	0.31119062056969
894.441	0.311467001870564
894.973	0.311356905135551
895.501	0.311172713101281
896.034	0.312090313939133
896.56	0.311988790415729
897.092	0.311344527714997
897.626	0.311617242976815
898.155	0.31280230395458
898.683	0.31247259315076
899.215	0.312262347312927
899.742	0.312625286631526
900.274	0.313202045238954
900.802	0.312868066337626
901.334	0.312566667344369
901.863	0.313067071154454
902.394	0.313010978430453
903.011	0.313045228934227
903.542	0.313330782549678
904.071	0.313867234206195
904.601	0.314250611706846
905.129	0.314145927084008
905.662	0.315181003629804
906.19	0.314954346372384
906.723	0.314783438372642
907.251	0.314202546247434
907.778	0.315152310060334
908.307	0.31504830897868
908.834	0.315553651758648
909.362	0.31512948739983
909.89	0.316147871427171
910.418	0.315582829927005
910.949	0.316641500102259
911.477	0.316184740709588
912.008	0.317081989882846
912.537	0.316848223435625
913.069	0.317012518746277
913.597	0.316769833210521
914.129	0.316608941938032
914.658	0.317199656165824
915.191	0.317644732303812
915.719	0.31726221452173
916.25	0.317599039035401
916.778	0.317388063541026
917.309	0.318121676723474
917.838	0.318126919390881
918.371	0.318375094197492
918.898	0.318315821863914
919.429	0.318583216041472
919.955	0.319173628281874
920.479	0.318797335958675
921.003	0.319347387702038
921.532	0.319219114517784
922.058	0.319447729784813
922.589	0.319502668259979
923.116	0.319660617854315
923.647	0.320152965693803
924.176	0.319940912685179
924.704	0.320253852281256
925.232	0.320162270898769
925.764	0.320490595952726
926.291	0.320526773104004
926.822	0.320702701704936
927.351	0.321017233627315
927.876	0.320514777292779
928.402	0.321631611726509
928.934	0.321316399350261
929.46	0.321955828876427
929.992	0.321936541679738
930.52	0.322516186157448
931.051	0.321918085427435
931.577	0.321881854514566
932.106	0.322430555378362
932.633	0.322554906319756
933.165	0.322104353968506
933.695	0.323703324915701
934.226	0.323417730510332
934.755	0.323143823357814
935.282	0.323008086354643
935.81	0.323848758861213
936.342	0.323675283406295
936.871	0.323545411798487
937.403	0.324536290776583
937.931	0.323960458096867
938.464	0.325008801290687
938.991	0.325168411277837
939.524	0.324781359619266
940.053	0.324820544679535
940.584	0.324638457027823
941.111	0.324301999908848
941.642	0.324920351022019
942.17	0.325641824585312
942.702	0.326276449822585
943.23	0.326270137616732
943.762	0.326166138188645
944.29	0.325997313676418
944.822	0.326069607262535
945.348	0.326449314960649
945.88	0.326886364145273
946.406	0.326619437926069
946.935	0.327085745036721
947.462	0.327375907730435
947.992	0.326748132251842
948.521	0.327298847891966
949.05	0.326500329664933
949.577	0.327453436209374
950.109	0.327596832581259
950.638	0.328224708903853
951.169	0.327923812796727
951.696	0.328726562441063
952.23	0.328284063747176
952.759	0.328698216370846
953.292	0.329216615511096
953.82	0.32918870909943
954.351	0.329023849563432
954.881	0.329190689313369
955.413	0.329329659516472
955.938	0.329276916967231
956.469	0.329627526962806
956.997	0.329989348885193
957.529	0.330405202093855
958.056	0.330171830634055
958.589	0.329544650737768
959.117	0.330263524216069
959.656	0.330634206601782
960.182	0.330522033144967
960.713	0.331857820397407
961.241	0.330946627604615
961.773	0.331383111188007
962.398	0.331570492346902
962.929	0.331514042563232
963.458	0.331912720684257
963.99	0.331868772439859
964.519	0.331841085869956
965.05	0.332999866594402
965.579	0.333036675348791
966.111	0.332587617023348
966.639	0.332618685459307
967.171	0.333098493171489
967.788	0.332776984961679
968.319	0.333523740440425
968.846	0.333788096286073
969.377	0.333937328363019
969.905	0.334282156990368
970.436	0.333318395745083
970.965	0.334127242044393
971.497	0.334513715213912
972.025	0.33462556468531
972.557	0.33474567776696
973.086	0.334181698212584
973.618	0.335215725112143
974.146	0.335311932821109
974.677	0.335328988514722
975.205	0.334699103609212
975.732	0.335836724939861
976.355	0.335342157306492
976.889	0.335954374131288
977.417	0.336229121781132
977.949	0.336395508056652
978.478	0.335972427180137
979.008	0.336540019236379
979.537	0.336542916748645
980.069	0.336404944003171
980.597	0.336795759235598
981.129	0.337097750199162
981.655	0.337634700279281
982.186	0.337615495555093
982.715	0.337937093462717
983.247	0.336647023672402
983.776	0.337837961367237
984.307	0.33735718571115
984.835	0.338427688769535
985.366	0.338386887776391
985.894	0.338549232842432
986.426	0.338997969103458
986.953	0.338271763110238
987.485	0.338615978701444
988.014	0.3390568316495
988.546	0.338818845920351
989.075	0.339059443222872
989.604	0.339472765857474
990.132	0.339156479861332
990.665	0.339368535871511
991.195	0.340113744845468
991.726	0.340451221203243
992.255	0.339686752618436
992.787	0.340041425022995
993.313	0.340406796226345
993.847	0.340436363208936
994.375	0.340296824485912
994.907	0.340751081474469
995.435	0.340940228318204
995.966	0.341252776651923
996.492	0.340797620851134
997.024	0.341487098306081
997.553	0.3419784342037
998.085	0.341946209300172
998.614	0.342353339667319
999.146	0.342553129798525
999.674	0.342030546489194
1000.206	0.342680202450663
1000.734	0.34258961210901
1001.263	0.342936799789505
1001.791	0.342845069825631
1002.318	0.342972310626267
1002.846	0.341912280633455
1003.378	0.343017180280153
1003.906	0.343428491354855
1004.436	0.343803112688196
1004.964	0.343376323585699
1005.495	0.344489232683133
1006.02	0.343312747417787
1006.552	0.344193664497223
1007.175	0.343867235424365
1007.706	0.344232475741017
1008.234	0.345307832630575
1008.765	0.34444264503418
1009.293	0.345323972997418
1009.826	0.344925822483438
1010.355	0.345816774114435
1010.887	0.345664392494041
1011.415	0.346585883491159
1011.947	0.346411319678743
1012.476	0.345569226565161
1013.008	0.345577904956456
1013.533	0.346470753126646
1014.064	0.346653425836007
1014.593	0.3466996207971
1015.122	0.346828808868285
1015.65	0.347566882440161
1016.182	0.347074154015633
1016.71	0.347198264967633
1017.243	0.34740588586081
1017.771	0.348068727860601
1018.302	0.347615371914739
1018.827	0.348088407859235
1019.359	0.348236625455476
1019.888	0.348540174743374
1020.42	0.348297991540424
1020.947	0.34902285566269
1021.479	0.348554308301778
1022.007	0.349569095959776
1022.538	0.349563623612521
1023.067	0.349872187123805
1023.598	0.349187959845603
1024.127	0.349932581125782
1024.658	0.349634761054663
1025.187	0.349590475620814
1025.713	0.349775722386807
1026.241	0.350400939467097
1026.773	0.350771183359803
1027.3	0.350891286355706
1027.832	0.350886060460324
1028.359	0.35104160399731
1028.891	0.351395486017488
1029.419	0.350802519075819
1029.95	0.351075528199931
1030.479	0.351457956712173
1031.011	0.351542934596272
1031.54	0.351648803831189
1032.073	0.351695780034879
1032.6	0.351868306047446
1033.128	0.352623734064458
1033.655	0.351765877928109
1034.187	0.352409424158166
1034.715	0.352607453352258
1035.247	0.352328559718405
1035.774	0.352656377811096
1036.306	0.353106632902891
1036.834	0.353277057391605
1037.366	0.353307214261685
1037.894	0.353339996693288
1038.426	0.353939400272729
1038.955	0.354024405947939
1039.487	0.353235104490856
1040.014	0.354394193643839
1040.541	0.353960309418179
1041.066	0.35434150865906
1041.598	0.354070315324425
1042.126	0.354454808099201
1042.659	0.35497542320614
1043.186	0.355463473072183
1043.718	0.355315743684546
1044.246	0.35546127788271
1044.778	0.355316081053357
1045.306	0.35589102573353
1045.837	0.355497837183698
1046.365	0.356588276137996
1046.898	0.356334346725235
1047.426	0.356179410763916
1047.958	0.356519474347164
1048.487	0.356237406267788
1049.019	0.35617623258733
1049.543	0.356942898802671
1050.075	0.357427843100945
1050.604	0.357257850383338
1051.136	0.356829364502217
1051.663	0.35752525546869
1052.195	0.357326946705734
1052.723	0.357573203101135
1053.256	0.358006764645369
1053.784	0.358056316924538
1054.312	0.358275035115869
1054.839	0.358359754668576
1055.367	0.358564534716246
1055.895	0.358955453537506
1056.423	0.35880833198022
1056.952	0.359204882437821
1057.484	0.358924710394847
1058.013	0.359219235340413
1058.544	0.359627289763473
1059.073	0.359876750998283
1059.604	0.359783602828941
1060.131	0.360448842179054
1060.664	0.360104060968349
1061.193	0.360341794907528
1061.721	0.360238844545089
1062.249	0.359701710096516
1062.78	0.360929356488857
1063.309	0.361035563046675
1063.84	0.360492600346815
1064.369	0.361414913608553
1064.9	0.361277062462395
1065.428	0.361891920330328
1065.959	0.361833115235316
1066.487	0.361802404243008
1067.019	0.362617779174437
1067.546	0.361770005975976
1068.072	0.361731456936637
1068.595	0.36215940749864
1069.124	0.36156310983073
1069.65	0.36285999032494
1070.178	0.362209221004095
1070.707	0.363209679986224
1071.239	0.363090818788099
1071.767	0.363192449921936
1072.3	0.363615629260538
1072.825	0.364184241282664
1073.356	0.364389029176028
1073.884	0.364034246852372
1074.416	0.364740324603794
1074.945	0.364314176009105
1075.476	0.364793636340321
1076.003	0.364389277557506
1076.534	0.363848486804706
1077.06	0.364889349963013
1077.593	0.364784046947789
1078.12	0.364968540886892
1078.646	0.365427418054432
1079.172	0.36554126482695
1079.699	0.365587530253647
1080.226	0.366256425945146
1080.754	0.365822361020139
1081.279	0.36594458555103
1081.807	0.36668956150067
1082.333	0.366879840948425
1082.863	0.366532678628662
1083.39	0.366286361436854
1083.923	0.367070879785305
1084.45	0.366874465763538
1084.982	0.367809885627279
1085.51	0.367050848047482
1086.041	0.368354229635484
1086.569	0.367901044949992
1087.101	0.367908972605301
1087.629	0.36837373814626
1088.161	0.36722772630053
1088.689	0.368453506653859
1089.22	0.368120749526603
1089.748	0.368815053850018
1090.28	0.368801203485066
1090.809	0.368204014826747
1091.335	0.368708765030183
1091.862	0.369144214096943
1092.394	0.369165733377501
1092.922	0.36945003233328
1093.454	0.369426500610574
1093.986	0.369139877874954
1094.518	0.369331783500998
1095.045	0.370005726153146
1095.577	0.370245953467896
1096.106	0.370241444307497
1096.633	0.370562696830184
1097.162	0.370753942500328
1097.694	0.370209506740922
1098.222	0.370468541028459
1098.754	0.370621358360301
1099.282	0.371019927957167
1099.816	0.371402652847572
1100.343	0.371983834222515
1100.876	0.371634701678658
1101.404	0.371343571767711
1101.934	0.371800404927387
1102.464	0.372065510547488
1102.995	0.372186465063486
1103.524	0.372690480534218
1104.056	0.372398364831948
1104.583	0.372315449133511
1105.114	0.373025497939787
1105.642	0.372802977085799
1106.171	0.373053650508547
1106.699	0.373178215827949
1107.231	0.373551329597875
1107.759	0.373197857306381
1108.286	0.373736487365173
1108.813	0.37485295650338
1109.345	0.373587565403535
1109.872	0.374216649590093
1110.404	0.374410494999855
1110.933	0.374535995914618
1111.465	0.37507753772935
1111.993	0.374993511402108
1112.525	0.375335210857594
1113.053	0.375156565382814
1113.585	0.375124564658242
1114.205	0.375327311172449
1114.737	0.375819801340011
1115.265	0.37606954303223
1115.798	0.375848253101891
1116.327	0.376157205128615
1116.858	0.376312234471727
1117.386	0.376771905613911
1117.919	0.376288479094402
1118.447	0.376953897226619
1118.976	0.376199783374708
1119.504	0.3775488416203
1120.035	0.376713744517805
1120.563	0.377502516494152
1121.092	0.377509102018392
1121.621	0.377598656331791
1122.152	0.377482464994068
1122.68	0.377562434364486
1123.211	0.377373224324323
1123.74	0.378557109135523
1124.271	0.377867862113437
1124.8	0.3781373138511
1125.331	0.378291089670917
1125.859	0.379299331073257
1126.392	0.379261601367639
1126.919	0.379774117753172
1127.451	0.378786760297983
1127.979	0.379685894794487
1128.513	0.379061897230928
1129.041	0.379573077393714
1129.573	0.379995566754411
1130.101	0.380168907174513
1130.626	0.379880312996745
1131.15	0.380252556937412
1131.674	0.38149998227516
1132.198	0.380035812574487
