##################################################
# DATA EXPORT AND TRANSFORMATION REPORT
#
# Original File: 110 uL a1 0,05 ph 4,45.xlsx
# Experiment Start Date/Time: 27-06-2025 16:29:10
# Processing Date: 10-07-2025 8:48:15
#
# Operations Performed:
# - Column 1 (Time): Read from Excel Column B (milliseconds), divided by 1000.
# - Column 2 (Absorbance): Read from Excel Column C, comma decimal converted to dot decimal.
##################################################

Time (s)	UA
10.181	5.94989292867221E-02
10.801	5.89140480880223E-02
11.329	5.90455391832694E-02
11.86	5.99747356575543E-02
12.388	5.99055814772504E-02
12.921	5.96647946565626E-02
13.449	5.96403053336981E-02
13.981	5.99674087713256E-02
14.508	6.04827034450866E-02
15.04	6.03480695674263E-02
15.569	6.03382254657545E-02
16.102	6.01187613748865E-02
16.632	6.00055611186612E-02
17.162	6.03662756043564E-02
17.691	6.02921169226786E-02
18.223	6.04211038490297E-02
18.749	6.00219547339199E-02
19.281	6.03608989212465E-02
19.806	6.06965530554075E-02
20.352	6.05827044622812E-02
20.948	6.05122251350173E-02
21.479	6.03221411423416E-02
22.006	6.03034569201367E-02
22.539	0.060033673021322
23.068	6.01392635372396E-02
23.6	5.99084810718599E-02
24.128	6.03283780130818E-02
24.661	5.98853219785046E-02
25.189	5.99338555702312E-02
25.722	5.99658793459563E-02
26.25	0.060189086091133
26.782	6.01338460313465E-02
27.311	0.060101746333649
27.842	5.99129020984784E-02
28.37	5.98935659586447E-02
28.902	5.95300839415061E-02
29.43	6.03069433415831E-02
29.957	5.98415925181588E-02
30.485	6.01974761153896E-02
31.017	5.93649308208987E-02
31.546	5.94025303790242E-02
32.079	5.93272108006095E-02
32.605	5.97026466952042E-02
33.136	0.059703079372697
33.665	5.93497402975725E-02
34.196	5.91020444345658E-02
34.724	5.92418362235758E-02
35.256	5.97048636602883E-02
35.784	5.99240405227171E-02
36.315	5.92093734415421E-02
36.844	5.92078198576894E-02
37.376	5.91580786101789E-02
37.904	5.89346627821226E-02
38.436	5.87767252223863E-02
38.965	5.94488241782226E-02
39.497	5.95755904563182E-02
40.041	5.89642878613911E-02
40.642	5.92975183021005E-02
41.171	5.93421439669076E-02
41.702	0.059267240479278
42.229	5.93083755798469E-02
42.756	5.88335179703129E-02
43.284	5.95776730087886E-02
43.814	5.94495250442503E-02
44.341	5.95787036265859E-02
44.873	5.94420016897957E-02
45.402	5.88632983014172E-02
45.933	0.059605554700238
46.461	5.92079766311376E-02
46.994	5.92688681689476E-02
47.522	5.95408558172531E-02
48.053	5.92711854764382E-02
48.581	5.97834322548066E-02
49.112	5.91635174418532E-02
49.64	5.92090854578433E-02
50.173	0.059596888518939
50.701	5.96007250186168E-02
51.228	5.95602269491002E-02
51.751	5.92400383909264E-02
52.278	5.93031375898585E-02
52.807	5.94760232780421E-02
53.338	5.94734302827327E-02
53.867	6.00006717982467E-02
54.399	5.96700144746662E-02
54.928	5.96339877765661E-02
55.459	5.96489126642377E-02
55.989	5.98678195040002E-02
56.521	5.96982675004011E-02
57.048	5.98049847849142E-02
57.577	6.01487876489032E-02
58.104	5.98894483751671E-02
58.636	5.98997591408784E-02
59.164	6.00608873029206E-02
59.696	5.99168732407505E-02
60.243	6.03819122281389E-02
60.847	6.02978066804037E-02
61.372	0.060166027975418
61.903	6.02031374940377E-02
62.431	5.99719209297529E-02
62.96	0.06000399142657
63.489	6.04906912733576E-02
64.1	0.060112672471114
64.627	6.03888754548398E-02
65.158	5.96814794699246E-02
65.683	6.04179421121453E-02
66.21	6.01190645686563E-02
66.737	0.060223969015195
67.266	5.99997872305162E-02
67.795	6.03725594196345E-02
68.325	6.01305604642006E-02
68.854	6.07372895021642E-02
69.385	6.03462931893937E-02
69.914	6.06150789624818E-02
70.444	6.03118703023661E-02
70.973	6.04739183373819E-02
71.501	6.05852920684765E-02
72.029	5.98328253200075E-02
72.556	6.01206574959918E-02
73.085	6.02283612424305E-02
73.613	6.01037722672858E-02
74.142	6.01225469997537E-02
74.674	5.97460948038895E-02
75.203	0.060001358249802
75.731	6.00378923193877E-02
76.259	5.98101856929323E-02
76.791	5.99878432042997E-02
77.318	6.03305170091819E-02
77.85	5.97276326905323E-02
78.378	6.00466006076777E-02
78.91	6.02481227250006E-02
79.439	6.03336989202474E-02
79.97	6.02175376851874E-02
80.506	6.01297600362516E-02
81.11	6.04241341253316E-02
81.639	6.00586262843433E-02
82.17	0.060262650041162
82.7	5.99603355132938E-02
83.231	6.00382935598218E-02
83.842	5.95997211726004E-02
84.373	6.01967632897876E-02
84.901	5.97727510350254E-02
85.433	5.98688391016456E-02
85.962	5.97563232116191E-02
86.494	5.95724586440121E-02
87.023	5.93566646177564E-02
87.555	0.059779129169773
88.081	0.059212449386955
88.614	6.03753211143075E-02
89.14	6.02423496388683E-02
89.67	5.93952207540736E-02
90.196	6.00137923755781E-02
90.727	5.97492972909547E-02
91.255	0.059204555894758
91.787	5.96475511977681E-02
92.315	5.97087808591108E-02
92.847	0.059162627121084
93.375	5.93741183389136E-02
93.906	0.059012905725339
94.435	5.92913364564897E-02
94.97	5.96046162373384E-02
95.494	5.92301443172028E-02
96.021	5.93637730365885E-02
96.55	5.89350211633392E-02
97.081	5.89053979047718E-02
97.611	0.059263494866586
98.225	5.92308815429679E-02
98.753	5.89527411593062E-02
99.284	5.93517734647276E-02
99.813	0.05937551800924
100.35	5.90817324112693E-02
100.953	5.93157915988012E-02
101.484	5.87742498315232E-02
102.012	5.90604504244986E-02
102.544	5.86785886672088E-02
103.072	5.87422421835991E-02
103.604	0.059062433236328
104.13	0.058975019149094
104.662	5.91129307614898E-02
105.19	5.92028241763993E-02
105.72	5.94589739531338E-02
106.249	5.90893879554321E-02
106.781	5.88871426573603E-02
107.307	5.90485353011424E-02
107.838	5.87035750831067E-02
108.367	5.88210119105854E-02
108.899	5.91504789217909E-02
109.428	5.91396595199112E-02
109.959	5.85882027229475E-02
110.488	5.88501533972172E-02
111.02	5.89939642007362E-02
111.548	5.87794624086303E-02
112.081	5.90657806772446E-02
112.61	5.93377394813599E-02
113.138	5.88824910709267E-02
113.666	5.88742399569478E-02
114.196	0.059102400277833
114.723	0.059047690279362
115.256	5.90189614091435E-02
115.783	5.90809390955806E-02
116.311	5.93988800368445E-02
116.839	0.058931654745371
117.371	5.90981109666448E-02
117.9	5.88252160737936E-02
118.431	5.89044349808453E-02
118.96	0.059219536267459
119.491	5.93387147294579E-02
120.036	5.94879535988551E-02
120.648	5.90610907720263E-02
121.175	5.89694042138718E-02
121.706	5.92912017675764E-02
122.234	5.90471228058982E-02
122.766	5.94953069263696E-02
123.295	5.90845094358802E-02
123.826	5.93914771818765E-02
124.355	5.95628589472342E-02
124.886	5.94705645548496E-02
125.412	5.95223592161525E-02
125.944	5.89230769027881E-02
126.472	5.91993731347211E-02
127.003	5.93671159849045E-02
127.532	5.95674330479912E-02
128.06	5.94347039560145E-02
128.588	5.92996405736291E-02
129.116	5.95279406930138E-02
129.645	5.93432725092117E-02
130.176	5.97852428121065E-02
130.704	5.89748042418054E-02
131.235	5.98889360213561E-02
131.764	5.98428251989262E-02
132.296	5.97479173936921E-02
132.824	5.92528366144754E-02
133.356	5.99318696996132E-02
133.885	5.93299343543432E-02
134.416	5.95607764046153E-02
134.942	5.95567273916221E-02
135.474	5.96313375388043E-02
136.002	5.94278718346908E-02
136.533	0.059441642685194
137.06	5.92408309903448E-02
137.587	5.90607212967095E-02
138.115	0.05914711709352
138.647	5.92865584469246E-02
139.175	5.93870249842885E-02
139.707	5.90481835707176E-02
140.247	5.95209461607124E-02
140.855	5.91214610397618E-02
141.383	5.91673908997682E-02
141.913	5.95595810999032E-02
142.441	0.05937778374334
142.971	5.96931512839632E-02
143.5	5.93011090590118E-02
144.032	5.92681016507704E-02
144.559	5.95678071869655E-02
145.091	0.05926462381896
145.619	5.88814259166502E-02
146.151	5.92600891280428E-02
146.679	6.00294909571523E-02
147.21	5.90217679290648E-02
147.738	5.89476495552235E-02
148.27	5.90113176548562E-02
148.796	5.90787649348137E-02
149.327	0.059120325856857
149.855	5.90850729176576E-02
150.381	5.90372695461045E-02
150.908	5.89377384896751E-02
151.44	0.059205337145165
151.968	5.92755168485212E-02
152.5	5.93916474288902E-02
153.029	5.91265831148926E-02
153.559	5.91574919631123E-02
154.089	5.94835737702949E-02
154.619	5.90313494480709E-02
155.149	5.90729036050257E-02
155.681	5.89117268442338E-02
156.21	5.93778351497337E-02
156.737	5.91064748642268E-02
157.265	5.88009791922798E-02
157.792	5.91083741875056E-02
158.32	5.91145302192527E-02
158.852	5.89240725155523E-02
159.38	5.88154791699093E-02
159.912	5.95572124082572E-02
160.48	5.91160574567949E-02
161.098	5.92036259746411E-02
161.622	5.88016382883095E-02
162.155	5.94327429842805E-02
162.683	5.92038098357332E-02
163.213	0.059349438961608
163.742	5.89085834956247E-02
164.275	5.90834925307442E-02
164.802	5.92427417010089E-02
165.334	5.90595352604463E-02
165.863	0.05898180294034
166.396	5.90525898063213E-02
166.924	5.93399716956587E-02
167.456	5.86126863223305E-02
167.982	5.92256945489576E-02
168.512	5.92168793788264E-02
169.042	5.92467902363825E-02
169.571	5.89472510405811E-02
170.106	5.92963154990226E-02
170.637	5.88012863926101E-02
171.165	0.058618539728383
171.696	5.89972327887112E-02
172.224	5.89936350696243E-02
172.757	0.058912266549261
173.285	5.87453331568291E-02
173.818	5.89601918552659E-02
174.345	5.93284238585305E-02
174.878	5.92168090513073E-02
175.405	5.95638034137684E-02
175.938	5.89919791375724E-02
176.465	5.88924254245213E-02
176.998	5.96134568368451E-02
177.525	0.058903215906259
178.058	5.89545672912866E-02
178.587	0.058736412594906
179.118	5.90886850343808E-02
179.646	5.90446285961136E-02
180.186	5.92165291841783E-02
180.794	5.86933734202617E-02
181.325	5.91006770535564E-02
181.854	0.058685100380157
182.385	5.91272459007293E-02
182.914	5.91432037018564E-02
183.443	5.91561385117551E-02
183.971	0.05894293932994
184.502	5.90542166848245E-02
185.03	5.91057435392672E-02
185.56	5.91928173927296E-02
186.088	5.90579288821103E-02
186.62	5.90677944510124E-02
187.149	0.059089622022266
187.681	5.90479462358899E-02
188.209	5.91318063687732E-02
188.74	5.92457463683276E-02
189.269	5.89448400714337E-02
189.797	5.91298448415255E-02
190.324	0.058655380457719
190.855	5.89925249496907E-02
191.383	5.90224173800599E-02
191.915	5.90413818711422E-02
192.44	5.87311696634249E-02
192.972	5.90255440901104E-02
193.501	5.87658977289485E-02
194.033	5.88561606474544E-02
194.561	5.85699750490289E-02
195.093	0.058914800751275
195.621	5.87914765678802E-02
196.152	5.85992824140498E-02
196.68	5.89479145225044E-02
197.212	5.89516920904143E-02
197.74	5.92196359739064E-02
198.27	5.93317408074252E-02
198.797	5.89961475897468E-02
199.329	5.88578513155127E-02
199.858	5.93123932131707E-02
200.397	5.86724574396002E-02
201.005	5.89397586462843E-02
201.535	5.87195145129554E-02
202.061	5.88255910079849E-02
202.593	0.059064766043157
203.121	5.93828207585181E-02
203.653	0.059167603574858
204.182	5.86507438711421E-02
204.713	0.058873843407163
205.241	0.058765455676782
205.773	5.87488795001512E-02
206.302	5.89894016461937E-02
206.833	5.88166900868458E-02
207.361	5.88109577923112E-02
207.894	5.88191469182859E-02
208.422	5.90925438932641E-02
208.953	5.88675092549284E-02
209.482	5.89162794430231E-02
210.013	5.86972588763071E-02
210.542	5.91421654404702E-02
211.074	5.93373038256622E-02
211.609	5.92710818356571E-02
212.136	5.91780788122471E-02
212.661	5.92527729375785E-02
213.193	5.92543873464653E-02
213.721	5.91780631393535E-02
214.252	5.88518103465746E-02
214.78	5.96074873645291E-02
215.312	5.94889484517751E-02
215.839	5.89544067164633E-02
216.368	5.93001331275715E-02
216.897	0.059280855963063
217.428	5.89414140774799E-02
217.957	0.059131833584433
218.489	6.01345295427911E-02
219.015	6.00133079646545E-02
219.545	6.00652309071464E-02
220.166	6.03861874800049E-02
220.778	6.01501340520726E-02
221.307	6.01634644084237E-02
221.837	6.00183554037819E-02
222.365	0.060297222436916
222.896	6.02997182632189E-02
223.425	6.01085065497128E-02
223.958	5.97051511215144E-02
224.568	6.00782857425448E-02
225.099	0.060072673223246
225.628	0.060083300552301
226.159	6.03955514865596E-02
226.688	6.07086222877435E-02
227.22	6.01983793530691E-02
227.748	0.059968487257898
228.279	6.03511474601716E-02
228.809	0.060797975059212
229.34	6.02581595498559E-02
229.869	6.04477068395333E-02
230.401	6.02668553110911E-02
230.929	6.05245938336148E-02
231.46	5.92813604454912E-02
231.987	6.04185139105429E-02
232.518	6.00568003117037E-02
233.047	5.98810213081255E-02
233.579	0.059979857616109
234.107	6.01871958265099E-02
234.639	6.01666916015937E-02
235.167	6.02840558671563E-02
235.698	6.08352857929144E-02
236.226	6.04525250338332E-02
236.757	6.02456449278928E-02
237.286	6.09258592639921E-02
237.899	6.06186335457134E-02
238.427	6.04674157036413E-02
238.958	6.05033123489473E-02
239.487	6.01886324048703E-02
240.023	5.95149588807123E-02
240.629	5.98709050024888E-02
241.161	6.05394933359012E-02
241.689	6.05445768005457E-02
242.221	6.02759835386877E-02
242.747	6.02460156898911E-02
243.278	6.00101818302169E-02
243.804	0.108525522584085
244.336	-2.58682218977526E-02
244.865	-2.62282682403708E-02
245.396	-2.61873413329689E-02
245.925	-2.62654901278003E-02
246.456	-2.62099295474587E-02
246.985	-2.62051190676263E-02
247.517	-2.56865533476871E-02
248.045	-2.60937792501478E-02
248.578	-2.62430597631144E-02
249.104	-2.60606477189216E-02
249.635	-2.61434039822545E-02
250.162	-2.57383238894826E-02
250.692	-2.60612665928118E-02
251.22	-2.60731370648461E-02
251.753	-2.64768644890207E-02
252.279	-2.65303698046286E-02
252.803	-2.64214133373989E-02
253.327	-2.60003823435802E-02
253.855	-2.62519596187711E-02
254.383	-2.64193958619762E-02
254.91	-2.65921273560514E-02
255.435	-2.59210126926354E-02
255.966	-2.59982565237569E-02
256.494	-2.63519929174742E-02
257.026	-2.58074624467302E-02
257.554	-2.61851015154838E-02
258.086	-0.025769287361319
258.613	-2.60057520222743E-02
259.142	-2.61951394440477E-02
259.671	-2.61433862458158E-02
260.207	-0.02633104545692
260.821	-2.63171008062003E-02
261.352	-2.61522090232398E-02
261.88	-2.63934353675637E-02
262.412	-0.02598405148078
262.94	-2.63866542296261E-02
263.472	-2.64718546088221E-02
264	-2.64053635923577E-02
264.532	-2.59236043797933E-02
265.057	-2.62511974802569E-02
265.585	-2.61550980703745E-02
266.115	-2.64332177454041E-02
266.646	-2.59877739324017E-02
267.175	-2.65990384262637E-02
267.706	-2.63962077973857E-02
268.235	-2.60876822258489E-02
268.767	-2.61479231104554E-02
269.292	-2.60914956714881E-02
269.821	-2.63981017467787E-02
270.35	-2.60114502562219E-02
270.881	-2.61561966296624E-02
271.41	-2.61456001533997E-02
271.942	-2.66050756678646E-02
272.471	-2.62912563754238E-02
272.999	-2.61881180093327E-02
273.527	-2.60921563262283E-02
274.057	-2.60219946778507E-02
274.586	-2.66322881614719E-02
275.118	-2.59829985497897E-02
275.646	-2.62279621461707E-02
276.178	-0.025822736740409
276.707	-2.57367033701597E-02
277.24	-2.56868309350694E-02
277.768	0.101495081956529
278.3	0.124129758997317
278.827	9.14581257568735E-02
279.359	8.34609471898358E-02
279.885	0.083316319242025
280.425	8.24272923393378E-02
281.042	8.58672483500586E-02
281.656	8.60529539303604E-02
282.184	8.43852135960588E-02
282.717	8.40559232652471E-02
283.244	0.081701272289595
283.775	0.081877114225693
284.304	0.082213125139333
284.834	8.19618983321081E-02
285.36	0.081271528683389
285.892	0.081712501217724
286.42	8.13824602261445E-02
286.952	8.16493040762619E-02
287.481	8.22981100662581E-02
288.013	8.18224684711453E-02
288.542	8.12566082311211E-02
289.074	0.081819041606488
289.685	8.16708211013179E-02
290.217	8.19482838750279E-02
290.743	8.23191151166313E-02
291.274	8.21866856191234E-02
291.801	8.27189182851749E-02
292.333	8.27721500935966E-02
292.861	8.18853648061803E-02
293.393	8.11793486717454E-02
293.921	8.14605135414969E-02
294.453	8.07800600178983E-02
294.981	0.081116124233299
295.513	8.17996376894906E-02
296.041	8.16704238467854E-02
296.572	8.23933874031924E-02
297.182	8.23090040856796E-02
297.711	8.24296547638743E-02
298.239	8.26236538516941E-02
298.77	8.26521455388892E-02
299.297	8.30497190581415E-02
299.826	8.28651117132288E-02
300.403	8.22068235053359E-02
301.03	8.28447371693864E-02
301.558	8.23300191878372E-02
302.089	8.27654121679093E-02
302.618	8.35478576987487E-02
303.149	8.34254279868917E-02
303.679	8.34182041539001E-02
304.21	8.39201655509663E-02
304.739	8.41885302238746E-02
305.271	8.40164982083027E-02
305.799	0.083885805030436
306.33	8.44158400726662E-02
306.859	8.41994577765091E-02
307.388	8.43295162729186E-02
307.92	8.48853033906148E-02
308.451	8.51529479896247E-02
308.979	8.52344441582197E-02
309.512	8.51637820646548E-02
310.04	8.54650533961517E-02
310.569	8.55581036223229E-02
311.098	8.58004620250801E-02
311.63	8.55178553278473E-02
312.157	8.61525171866604E-02
312.69	8.70736981215545E-02
313.22	8.73298753246688E-02
313.748	0.08725934480194
314.275	8.82809327918199E-02
314.806	8.79118430346278E-02
315.334	8.81704250119962E-02
315.866	8.83329698014897E-02
316.394	8.82302477011061E-02
316.926	8.78417793074028E-02
317.455	8.80025621544423E-02
317.986	8.79936264179303E-02
318.512	0.087330399931598
319.044	8.76385034911023E-02
319.573	8.72594537062319E-02
320.118	8.72945915244296E-02
320.725	8.65159146751255E-02
321.257	8.63454563421442E-02
321.785	8.59379281127873E-02
322.317	8.55566084392443E-02
322.844	8.51136414010385E-02
323.376	8.48370679745585E-02
323.904	8.39009769485682E-02
324.436	8.40197323249451E-02
325.046	8.40666538733831E-02
325.576	8.34750449002279E-02
326.103	8.37069370183996E-02
326.634	8.35233857719716E-02
327.162	8.34450192426546E-02
327.695	8.33995182908917E-02
328.225	8.37129072308388E-02
328.756	8.31626389473642E-02
329.283	8.32674293176458E-02
329.91	8.34456876728221E-02
330.438	8.32194118833632E-02
330.969	8.33400565794993E-02
331.498	8.37127232615223E-02
332.03	8.32597363869604E-02
332.558	8.35343200841385E-02
333.085	8.37081177239595E-02
333.608	8.40206103677027E-02
334.139	0.083860554098644
334.667	8.34660632998569E-02
335.198	8.37497866513446E-02
335.726	8.43470092839932E-02
336.252	8.39461801016972E-02
336.777	8.42506492339889E-02
337.397	8.42705049993092E-02
337.923	8.43567436988432E-02
338.451	8.40685900342251E-02
338.979	8.39066676546144E-02
339.51	8.48137473876627E-02
340.055	8.50217920514195E-02
340.675	8.46065081534544E-02
341.203	8.43510814907625E-02
341.734	8.43364803390156E-02
342.262	8.49522037617484E-02
342.79	8.46495336744906E-02
343.317	8.47599502018907E-02
343.848	0.084891422533886
344.378	8.48446677994953E-02
344.91	8.52260895072387E-02
345.438	8.45766824116217E-02
345.969	8.47238850768547E-02
346.496	8.54461951485629E-02
347.028	8.49828795321323E-02
347.557	8.52743764128693E-02
348.089	0.085473173361069
348.616	8.55206524881223E-02
349.145	8.56778557496061E-02
349.672	8.54890098613115E-02
350.203	8.55499890682653E-02
350.733	8.59252516956446E-02
351.263	8.60174643510731E-02
351.791	8.62329026886348E-02
352.324	8.62974004228135E-02
352.851	8.63589428722782E-02
353.38	0.086689106865263
353.91	8.64595670444626E-02
354.442	8.66843669698072E-02
354.97	8.63634175479375E-02
355.502	8.67427223265006E-02
356.03	8.66034869014035E-02
356.562	8.68759703119952E-02
357.09	8.69905166912797E-02
357.622	8.75495538381173E-02
358.151	8.69130461534319E-02
358.682	8.71054452121867E-02
359.211	8.73215857893342E-02
359.742	8.73553378194298E-02
360.364	0.087439768221131
360.989	8.79735438495538E-02
361.516	8.80053368872276E-02
362.048	8.82328525913206E-02
362.576	8.87301598358748E-02
363.108	8.81019278881724E-02
363.635	8.82308826968601E-02
364.168	8.86520024752653E-02
364.695	0.088505265637759
365.227	0.088704354041793
365.755	8.91502391585172E-02
366.286	8.91575831948776E-02
366.81	8.92477573827046E-02
367.343	8.93203666426164E-02
367.87	0.089389098109323
368.403	8.92918816659945E-02
368.931	8.98114201109102E-02
369.463	8.96543900711082E-02
369.991	9.00034689521171E-02
370.523	9.01351458441472E-02
371.052	8.99099306014901E-02
371.583	9.01569522058785E-02
372.112	9.05842656359836E-02
372.641	9.03884820813099E-02
373.168	8.99608534951147E-02
373.7	9.04193919377318E-02
374.228	9.02972925312099E-02
374.76	0.090367565658154
375.288	9.06877667684097E-02
375.819	9.02531865717861E-02
376.348	9.07524889118889E-02
376.88	9.04416767098618E-02
377.409	9.06412208803008E-02
377.936	9.05961467782474E-02
378.466	9.05986171136757E-02
378.997	9.11183373948602E-02
379.525	9.11250792106369E-02
380.072	9.10759685750942E-02
380.687	9.15385391677109E-02
381.218	9.16336997579392E-02
381.747	9.20018406761035E-02
382.278	9.16644181886371E-02
382.807	9.13296369881512E-02
383.335	9.19618994124535E-02
383.861	9.21212483532732E-02
384.386	9.18522607674981E-02
384.912	9.19532885201897E-02
385.443	9.20908367518546E-02
385.968	9.19813504509831E-02
386.495	9.20031523495372E-02
387.021	9.17950971108304E-02
387.552	9.23865146079687E-02
388.08	9.29809489242941E-02
388.611	9.23109097717991E-02
389.14	9.23132054415601E-02
389.671	9.24373302203684E-02
390.199	9.28849468575899E-02
390.732	9.23780283210232E-02
391.259	9.26671677195918E-02
391.791	9.30413679404323E-02
392.32	9.29383833143777E-02
392.848	9.26806717516637E-02
393.376	9.33347280635208E-02
393.907	0.092810999755852
394.436	9.35463020354847E-02
394.967	9.32945825826927E-02
395.496	9.31444076757971E-02
396.028	9.34752181543766E-02
396.555	9.33062023612647E-02
397.087	9.37205204699203E-02
397.615	9.35914200502415E-02
398.148	9.43360597051959E-02
398.675	9.43676137216287E-02
399.208	9.38370496607633E-02
399.735	9.42094784936488E-02
400.266	9.41869850844214E-02
400.795	0.094566613016165
401.326	9.46470578630026E-02
401.855	9.47104951290439E-02
402.386	9.47820449757453E-02
402.914	9.49333286417947E-02
403.446	9.52833976061439E-02
403.974	9.51067071564082E-02
404.506	0.095190360764788
405.034	9.59602547575639E-02
405.566	9.54944110698481E-02
406.093	9.57567574393752E-02
406.625	9.55634277440281E-02
407.154	9.54643010020925E-02
407.685	9.61490683529056E-02
408.213	9.58613723306074E-02
408.746	9.58746175800982E-02
409.274	9.60699496207631E-02
409.805	9.59740632651934E-02
410.332	9.66245303911708E-02
410.864	9.68185460255518E-02
411.392	9.69547635252764E-02
411.923	9.68783193875708E-02
412.452	9.69138138863289E-02
412.979	9.68746910499281E-02
413.505	9.70276741776271E-02
414.036	9.74459425610346E-02
414.565	9.69870992902079E-02
415.098	9.73719586287169E-02
415.626	9.74110473374124E-02
416.158	9.74878728328704E-02
416.686	9.82415757735996E-02
417.216	0.098034963409296
417.744	9.78472689086438E-02
418.277	9.87143417698292E-02
418.805	9.84191897816182E-02
419.337	9.81585382401824E-02
419.865	0.098666733990093
420.397	9.85754670409424E-02
420.924	9.89109407414519E-02
421.456	9.85752579423702E-02
421.985	9.86174512013913E-02
422.516	9.90004045976293E-02
423.044	0.098568816300476
423.576	9.89312433913637E-02
424.105	9.88457340987988E-02
424.636	0.099183195746695
425.165	9.94609545255284E-02
425.692	9.93540329011996E-02
426.22	0.099676721194105
426.75	9.94067515519299E-02
427.279	0.100052830109112
427.808	9.95690452671766E-02
428.337	9.99847278173602E-02
428.867	9.97816522795355E-02
429.394	0.100027182697549
429.927	9.99789620875278E-02
430.456	0.100588814345988
430.985	9.99814564728977E-02
431.513	0.100307764553064
432.044	0.100109440185689
432.572	0.100965551746373
433.104	0.100797364922553
433.633	0.100494773467258
434.164	0.100326839184071
434.692	0.100301776683498
435.225	0.100556006407241
435.752	0.100520938396093
436.278	0.101109466151017
436.802	0.100910424828034
437.331	0.101452894987577
437.858	0.101453701294192
438.389	0.100805465274702
438.915	0.101838039893324
439.447	0.10184778465566
439.975	0.101354375086427
440.508	0.101799113162506
441.035	0.102088981974818
441.568	0.102094334659616
442.096	0.102000223760243
442.627	0.102852081421393
443.156	0.102310452446897
443.687	0.102921954800743
444.216	0.102823953326222
444.747	0.102620815685775
445.275	0.102393533079407
445.806	0.102928493797569
446.334	0.102992166394103
446.866	0.103109011699303
447.394	0.102642538932263
447.926	0.102816076907285
448.453	0.10302297218375
448.984	0.103166420141275
449.513	0.103390695802498
450.04	0.103694318935356
450.569	0.103816947123251
451.1	0.103985794630407
451.629	0.10427558107606
452.161	0.103716903828168
452.69	0.104452206552853
453.216	0.10389639438945
453.739	0.104264319843028
454.271	0.104512740450909
454.799	0.104406708235749
455.33	0.104744017976595
455.859	0.104839405798375
456.391	0.104429616498226
456.919	0.105023285705465
457.451	0.104365297953759
457.979	0.105184044496634
458.51	0.105263341415803
459.039	0.10502757753365
459.57	0.105594262994323
460.098	0.105354262074223
460.629	0.105396408107873
461.158	0.105929909455026
461.696	0.105977024470088
462.314	0.106161782789465
462.846	0.106085838531041
463.374	0.106582136368829
463.903	0.106485725720319
464.431	0.10683581412564
464.964	0.106280489650873
465.492	0.106340691424859
466.024	0.107055467258982
466.552	0.106949363048723
467.083	0.10721221559341
467.612	0.107004495066156
468.144	0.107065074863661
468.673	0.107561227631306
469.204	0.108149784722407
469.733	0.107446009695636
470.264	0.108511736418748
470.792	0.108292004940668
471.319	0.108115637159876
471.847	0.107963469443413
472.378	0.10841724868577
472.907	0.108406915290129
473.44	0.108230504011851
473.968	0.108642121524837
474.497	0.108783679411762
475.025	0.108960895581481
475.555	0.10889543891374
476.082	0.109065025678298
476.613	0.109098987786875
477.142	0.108828185345565
477.673	0.109047939073015
478.202	0.109933823606755
478.735	0.109681325762809
479.26	0.109403884352336
479.791	0.109828804236209
480.32	0.110328874758893
480.851	0.109908366957109
481.379	0.11035997693864
481.91	0.110363502038131
482.436	0.110496030737393
482.967	0.110958576047679
483.496	0.111091778196808
484.027	0.110680654150695
484.555	0.110924602211012
485.086	0.111156305917586
485.615	0.111489913903372
486.147	0.111324226166902
486.675	0.111517839208262
487.206	0.111294641050354
487.735	0.111804595090826
488.266	0.111696688349234
488.793	0.111817900977614
489.322	0.112077982036567
489.85	0.112617654158684
490.381	0.112399649040572
490.91	0.112162127774142
491.441	0.112715801737715
491.969	0.112713801420354
492.5	0.112691354309362
493.029	0.112790414799846
493.561	0.112924022794199
494.09	0.112941200503675
494.621	0.112886629057128
495.15	0.113320661377075
495.678	0.112922139780078
496.206	0.113209165006228
496.738	0.113625678103009
497.267	0.11315812373257
497.798	0.11376878739081
498.327	0.113550002632902
498.857	0.113756316227639
499.385	0.1139652694376
499.917	0.113678758751791
500.444	0.114276546119129
500.976	0.113965030979778
501.503	0.114147904983585
502.031	0.114293623318238
502.559	0.114660021295086
503.091	0.114520456259168
503.619	0.114629127781364
504.148	0.114994132668875
504.677	0.115117725935323
505.209	0.115019640432503
505.736	0.114790263406691
506.268	0.115255744788569
506.796	0.115101052447314
507.329	0.115143557742546
507.856	0.115510970755295
508.389	0.115176285379715
508.915	0.115640647065645
509.447	0.115709328522725
509.973	0.115782306275412
510.505	0.115603096243228
511.033	0.115557071703981
511.564	0.116006934380954
512.092	0.116013827551023
512.623	0.116562176364445
513.151	0.11621163889371
513.683	0.116126735056404
514.212	0.116399919574246
514.743	0.116000715302241
515.27	0.116292434043799
515.802	0.116483436317785
516.329	0.11641109099674
516.861	0.117361473653425
517.391	0.11646961262077
517.923	0.11744016610644
518.452	0.117000718545877
518.984	0.117621099180923
519.512	0.117258951431263
520.043	0.117698627065267
520.571	0.118089894407406
521.102	0.117970695799986
521.625	0.117193469825648
522.154	0.117160690375097
522.682	0.117278845518722
523.214	0.118229032728663
523.743	0.117737784088572
524.275	0.118558502215964
524.803	0.117767417605279
525.335	0.117093359059042
525.863	0.118160304055879
526.395	0.118125869646183
526.923	0.118319007607122
527.455	0.118315327323988
527.984	0.118783141947855
528.512	0.118555616013057
529.037	0.118984563964231
529.563	0.118373012836225
530.089	0.118462906349531
530.622	0.118896152377998
531.149	0.119259772117378
531.682	0.118580568541393
532.209	0.119057154324627
532.742	0.118816336280686
533.268	0.119111941453553
533.796	0.119357122087197
534.323	0.119164237341962
534.855	0.119207258322984
535.384	0.119364155552354
535.918	0.119270005518148
536.446	0.119397187157798
536.978	0.119631955217939
537.507	0.119808893140948
538.039	0.120224321696296
538.567	0.120417021480286
539.099	0.119789155531209
539.626	0.120264130359423
540.157	0.120395289585035
540.688	0.12045915121802
541.22	0.121212045388766
541.745	0.120427046279858
542.276	0.12080350078815
542.806	0.120849377727851
543.337	0.120952450174739
543.865	0.121225278984989
544.398	0.120705135966248
544.927	0.121196975976003
545.458	0.121536687240123
545.986	0.121679593480132
546.517	0.121548701361466
547.045	0.12136880469144
547.577	0.122295242251108
548.105	0.121948721860858
548.634	0.122074522478978
549.163	0.121853893047673
549.695	0.12203467392037
550.223	0.122318194467534
550.755	0.122217744072003
551.283	0.122013430511286
551.813	0.122265116353454
552.341	0.123009732849791
552.873	0.123013598498394
553.4	0.122900959472552
553.931	0.122870220321304
554.461	0.123160770748964
554.992	0.12284000532976
555.519	0.122942272969137
556.052	0.123372984694429
556.579	0.123230760221393
557.11	0.123362518900988
557.636	0.123062227532363
558.165	0.124010246396346
558.693	0.124152290669697
559.225	0.123833165578645
559.753	0.124265292018231
560.284	0.123813714860865
560.813	0.124523145272551
561.345	0.124470938152526
561.872	0.124155894668904
562.402	0.125064186899631
562.928	0.124133357803933
563.459	0.124433708000297
563.988	0.12502773207317
564.519	0.125443724705174
565.048	0.124970375757626
565.58	0.125748942653918
566.108	0.125301129600895
566.639	0.125838195993143
567.168	0.125477973754925
567.7	0.125699562109252
568.228	0.126140006395404
568.756	0.125904476528343
569.285	0.126952837618901
569.817	0.126392254099851
570.343	0.126002285293005
570.874	0.126171449754682
571.402	0.127184153659708
571.936	0.126550140949146
572.462	0.126546186464531
572.993	0.126758252277648
573.521	0.126600783636948
574.053	0.127420210709531
574.58	0.127530521332306
575.111	0.127282333319203
575.639	0.12703040184296
576.171	0.127396779493135
576.699	0.127513410267659
577.23	0.127897603078389
577.757	0.127798917621809
578.286	0.127531500219442
578.814	0.127879632121412
579.345	0.128430275715622
579.871	0.128171861353758
580.403	0.128466169224626
580.93	0.128527024197678
581.463	0.128619270124423
581.99	0.1283217138705
582.522	0.128649303182714
583.05	0.128734166413286
583.582	0.128593028893603
584.111	0.128968234396382
584.643	0.12881303609463
585.169	0.128940289395879
585.695	0.129213211748463
586.22	0.128659269697678
586.752	0.128922484604823
587.281	0.129421248710769
587.812	0.129740519892149
588.339	0.129848454008561
588.871	0.129774878124369
589.4	0.130112932246294
589.931	0.129999570920432
590.459	0.129569164401505
590.99	0.129699551747263
591.518	0.130203578950802
592.051	0.129598587909174
592.594	0.131016177090163
593.121	0.130301917846827
593.649	0.130914646990815
594.18	0.130431282146956
594.708	0.13005296938583
595.241	0.13040918884882
595.77	0.130532852226433
596.301	0.131036915479437
596.83	0.130791464944706
597.362	0.130687126132963
597.888	0.131094240823285
598.42	0.131604054010029
598.95	0.131533398984847
599.482	0.131468620498973
600.01	0.131917332835499
600.536	0.131936074282405
601.063	0.132122230329175
601.596	0.131556751110292
602.123	0.131889418299889
602.655	0.131787562399578
603.184	0.132015875996264
603.715	0.132763387919786
604.241	0.132125066771653
604.773	0.132384324669954
605.302	0.132574854935491
605.83	0.133115409223609
606.358	0.133027406158693
606.889	0.132661995695031
607.418	0.133093895923977
607.949	0.133268298906195
608.477	0.133699403251033
609.008	0.133135202194773
609.536	0.133531135318722
610.068	0.133230972070428
610.596	0.133723217063131
611.128	0.13367490445218
611.657	0.133871832293601
612.189	0.134088355834284
612.715	0.134300156567688
613.246	0.13428949791253
613.775	0.134546366403009
614.307	0.134386159492061
614.836	0.134476007206608
615.368	0.134733683852778
615.897	0.134535447420612
616.428	0.135394202279138
616.958	0.134981154488536
617.489	0.135180440516277
618.019	0.135171820410408
618.55	0.135274999593558
619.079	0.135292928050174
619.606	0.135271441022458
620.134	0.135834717260632
620.665	0.13594993774385
621.291	0.13600248835677
621.815	0.135994546055523
622.341	0.135826110735504
622.873	0.136393811441769
623.401	0.136754290517896
623.932	0.136143327715742
624.459	0.136242714454096
624.991	0.136979987035369
625.518	0.136431591597129
626.051	0.136772784516409
626.579	0.13732191991099
627.11	0.137227269344091
627.639	0.137248028736999
628.171	0.137206352129274
628.699	0.137508448470756
629.231	0.137537873913187
629.76	0.137777095850119
630.293	0.137674654139065
630.82	0.137628119875283
631.353	0.138045479520242
631.881	0.138231402911785
632.413	0.137857969586937
632.941	0.138254179699463
633.468	0.138444594534105
633.996	0.138854471136171
634.524	0.138466517133225
635.053	0.138251548386803
635.584	0.138592799672065
636.113	0.138824112754876
636.644	0.138891971266227
637.173	0.139570443024688
637.704	0.139316913830251
638.232	0.138990048976837
638.764	0.139284367949191
639.385	0.139379310354651
639.916	0.139951953994058
640.445	0.140235696440339
640.976	0.140139705424137
641.505	0.140345608191458
642.037	0.140021437433687
642.565	0.140140351486587
643.094	0.140230143599202
643.623	0.140244160456407
644.154	0.140515311269351
644.686	0.14068867932225
645.216	0.140640525835883
645.745	0.140812264891928
646.273	0.141351224825394
646.801	0.140594983794452
647.431	0.141529459698617
647.958	0.140904267743209
648.49	0.141230571895821
649.018	0.142103046964091
649.55	0.14142393429638
650.077	0.141556319721575
650.608	0.141718939879815
651.138	0.141867451145161
651.67	0.141631849019479
652.198	0.142075598358532
652.73	0.142044342459621
653.257	0.141885959057503
653.789	0.142744948093053
654.316	0.14294117853037
654.843	0.143110994568079
655.371	0.142533280985262
655.9	0.143378950707006
656.428	0.142969588691305
656.96	0.142453917339293
657.489	0.14296925578723
658.018	0.143370926668048
658.546	0.143486823094815
659.078	0.143692529288918
659.607	0.143653991991332
660.138	0.143884297718669
660.665	0.144150837028233
661.197	0.143655222306784
661.724	0.144306090796124
662.253	0.144108884746735
662.78	0.144126215359677
663.312	0.144299119997683
663.84	0.144591485160661
664.371	0.144644979201505
664.899	0.144599254534882
665.431	0.144402418665801
665.958	0.144483225981993
666.491	0.144629720293977
667.018	0.145515981196623
667.558	0.145146823799226
668.085	0.14494570376639
668.614	0.145613758631624
669.142	0.145645869448615
669.674	0.145383447801567
670.201	0.145639396118937
670.732	0.145603378107845
671.264	0.145369886972186
671.794	0.145934923463524
672.323	0.145737549558319
672.855	0.146454004888675
673.382	0.14639422581908
673.915	0.145598345654846
674.443	0.146136867065999
674.974	0.14610689573586
675.502	0.146530841270167
676.035	0.14623694854827
676.56	0.146269493664469
677.093	0.146537985647248
677.62	0.146602726287994
678.149	0.146919772087221
678.677	0.146702531752614
679.209	0.146798648426994
679.737	0.146697538822471
680.269	0.146639876896612
680.797	0.147603887462858
681.329	0.147849465159034
681.857	0.147354990584256
682.389	0.14731945840684
682.917	0.147801523524571
683.443	0.147213196497481
683.971	0.148173947632369
684.503	0.148178438525835
685.028	0.148395976457704
685.554	0.14857506555078
686.076	0.148627144147184
